1	3.6496e-05	0.001698	0.00054534	0.00040345	0.005107	0.0017871	0.00021869	0.0010553	0.0049323	0.01021	0.0015283	0.00041441	-4.4412e-05	0.00070279	0.00072631	0.020477	-0.00013605	0.0016753	0.0010832	7.4023e-05	0.00093568	0.00049223	0.00071178	0.00059687	0.00023819	0.00021089	0.011694	0.00044391	-0.00040213	0.0061862	0.014187	-0.00029184	-0.00028377	0.00038472	0.017097	-0.00030544	-0.00027803	0.00035018	0.0043273	0.014998	0.0024765	0.00013897	0.0006505	0.0018243	0.0012305	0.00052713	-0.00023532	0.013294	0.0048856	0.00093414	0.0026956	0.0028046	0.00037574	0.00092668	0.00095844	0.0006915	0.0026993	0.0011038	0.001471	0.00076713	0.022265	0.00027563	0.00010801	0.0054123	0.0044054	0.025012	0.011444	0.00089624	0.0075253	0.00046784	0.0026177	0.00020341	0.0045649	0.0034734	-0.00010465	0.0023501	3.2453e-05	0.00067935	0.0010676	0.0072288	1.5998e-05	0.00024312	-0.00045048	0.017001	-0.00045176	0.0038937	0.0068258	0.0076245	-5.2461e-05	0.020222	0.00196	-4.8493e-05	0.00031806	-0.00028046	0.050454	7.4717e-05	0.00012388	0.0035079	0.0040235	-0.00046972	0.0033298	0.0017567	0.0013449	0.0026734	0.0031547	0.002391	0.0024681	0.0035065	0.00015667	0.00013011	0.0025473	0.00092092	0.00028746	-0.00032352	-0.00054029	-4.4243e-05	0.00060536	0.0027588	0.0026004	0.0030173	0.0033465	0.0038966	0.0040481	8.7131e-05
3.6496e-05	1	0.012275	0.0015985	0.041427	0.022114	0.0062777	0.0052078	0.011283	0.012419	0.0033653	0.0018912	0.0023138	0.0086566	0.0023394	0.0018805	-0.00010998	0.024731	0.0042277	0.0072272	0.01806	0.0013999	0.00788	0.005158	0.027727	0.0043577	0.0050945	0.0074645	0.0085961	0.028464	0.018086	4.254e-05	0.0084902	0.013092	0.01399	-0.0001198	0.010902	0.0028593	0.0012313	0.0062693	0.0053144	0.0017774	0.0046527	0.0091803	0.0051551	0.0091576	0.001181	0.016845	-0.00015022	0.00085255	0.003794	1.8439e-05	-3.3932e-05	0.0025736	0.013363	0.0076698	0.0028177	0.0023452	0.010274	0.0026724	0.0063509	0.00053445	0.0010229	0.010113	0.0018312	0.0044845	0.0040874	-0.00015402	0.013027	0.0076676	0.0024743	0.0030392	0.0028991	0.010228	0.002101	0.0016261	0.00017671	0.0088195	0.0077061	0.0096758	-4.896e-05	0.0069053	0.026017	0.01771	0.00019398	0.0066465	0.0018039	0.00046331	0.0029667	0.0065354	-2.0453e-05	0.0051155	0.0061743	0.016608	0.0089686	0.00070921	0.0048284	0.00028979	-5.8443e-05	0.020143	0.0039753	0.0086563	0.0022265	0.018019	0.0084376	0.025304	0.0030481	0.007384	0.0062227	0.040133	0.0071364	0.0047283	0.00042307	0.010268	0.0047305	0.034709	0.0019304	0.013096	-0.0001695	0.013283	0.030904	0.0048576	-0.0001413	0.019771	0.00057268
0.001698	0.012275	1	0.062157	0.039266	0.056754	0.009533	0.0086017	0.021196	0.09456	0.067063	0.0049637	0.0091129	0.015361	0.001478	0.0038514	0.0073657	0.21346	0.010519	0.019327	0.018542	0.0053246	0.014103	0.0047169	0.027133	0.0055455	0.056528	0.0045006	0.04631	0.0067742	0.014567	0.00074703	0.011483	0.028456	0.034108	0.011777	0.024988	0.0044915	0.0088999	0.025026	0.010866	0.0024214	0.0092258	0.0066432	0.016244	0.013088	0.0038348	0.019243	0.00018424	0.00050645	0.055447	-0.00056052	0.019195	0.015476	0.0076256	0.052718	0.0025978	0.0046132	0.025384	0.021053	0.0045731	0.005694	0.00091228	0.014383	0.13925	0.01035	0.1808	0.010291	0.014602	0.018322	0.0088921	0.0068756	0.0015722	0.010809	0.02333	0.0020625	0.0044797	0.0229	0.0058131	0.018687	0.007976	0.0050869	0.0081686	0.030774	0.010207	0.0074446	0.0037822	-1.279e-06	0.017139	0.0083654	0.020192	0.010965	0.01463	0.44155	0.024759	0.030178	0.010637	0.0025808	0.0014814	0.051751	0.003108	0.0080037	0.0092484	0.0057888	0.048331	0.016863	0.0093444	0.0084499	0.015731	0.0057672	0.018685	0.012017	0.002252	0.022441	0.016912	0.014545	0.014632	0.017692	0.024545	0.034966	0.022095	0.018793	0.0075007	0.036977	0.00044731
0.00054534	0.0015985	0.062157	1	0.010357	0.021348	0.0038946	0.0031778	0.0024197	0.0046772	0.00033003	0.0010244	0.010928	0.012309	0.00099663	0.0012443	0.00015899	0.028887	0.0036084	0.0050795	0.0065706	0.00079403	0.011704	0.0041797	0.01212	0.0040903	0.0057501	0.0084863	0.0027647	0.0088	0.015263	0.00062919	0.0033333	0.01066	0.0055588	0.00028935	0.0052697	0.0038693	0.00080597	0.0054277	0.0027303	0.0019878	0.00389	0.0048648	0.0057933	0.0068446	0.0052517	0.00072647	0.0011651	0.0012828	0.0059598	4.2128e-05	-2.1449e-05	0.0018015	0.0098367	0.0031699	0.0022088	0.0032107	0.001994	0.0018314	0.0077412	0.0032997	0.00097645	0.0014797	0.045064	0.0014931	0.1167	0.001039	0.0025255	0.064384	0.0015875	0.0014121	0.0024652	0.016952	0.0025281	0.00064597	0.0007607	0.0077664	0.0025977	0.0094538	0.0010641	0.0021872	0.021828	0.0045204	0.0015321	0.0039403	0.026695	0.00052983	0.0036575	0.0028775	0.0041864	0.0040223	0.0024264	0.025072	0.0018712	0.0047707	0.0020437	-1.7106e-05	0.00025072	0.0051146	0.0013439	0.010155	0.0017223	0.011682	0.0027547	0.031439	0.0024592	0.0087485	0.0063421	0.021806	0.011149	0.0015574	0.00021882	0.0017986	0.0027632	0.011257	0.0034573	0.004892	0.00028644	0.0027983	0.006948	0.0029307	0.0021285	0.0059228	0.0012874
0.00040345	0.041427	0.039266	0.010357	1	0.104	0.014158	0.019416	0.011069	0.02173	0.034801	0.0027716	0.020449	0.01241	0.0076273	0.0051604	0.00019333	0.19409	0.0075751	0.023323	0.030122	0.012464	0.017153	0.006754	0.035416	0.0084961	0.013941	0.0057212	0.0097483	0.015696	0.019553	0.00055145	0.016421	0.11111	0.063121	0.0002335	0.0089273	0.0048606	0.0021157	0.01242	0.0062084	0.0021142	0.0065842	0.020315	0.0078339	0.036493	0.0025075	0.0051452	0.00056443	0.0063509	0.020207	0.00039276	-0.00011146	0.012337	0.017429	0.081382	0.010058	0.0036308	0.020403	0.0026664	0.0075512	0.009401	0.0021672	0.090918	0.0058814	0.014123	0.035295	0.0012878	0.043973	0.015849	0.0087644	0.0042937	0.0089084	0.02305	0.022706	0.00086944	0.0013654	0.02331	0.018812	0.041624	-0.00016283	0.0051643	0.0058852	0.016475	0.0008463	0.036086	0.011664	0.00049563	0.017598	0.0067182	0.0016595	0.035201	0.017592	0.11819	0.061182	0.0060371	0.01481	0.0091531	0.00021372	0.071357	0.0030625	0.048306	0.0057345	0.010012	0.031029	0.024203	0.015088	0.030411	0.016226	0.015337	0.0038143	0.0097568	0.0011951	0.0099266	0.014901	0.0083014	0.0046963	0.044886	0.0026306	0.0072751	0.018508	0.010339	-1.1598e-05	0.015069	0.0020416
0.005107	0.022114	0.056754	0.021348	0.104	1	0.03716	0.029356	0.016201	0.076014	0.049654	0.0084862	0.057688	0.0803	0.011729	0.01497	0.0053744	0.19195	0.045995	0.064838	0.053524	0.021212	0.091857	0.053219	0.13953	0.031142	0.066975	0.050345	0.039949	0.040382	0.29464	0.002284	0.039378	0.066194	0.14964	0.0014196	0.054303	0.017961	0.01559	0.07346	0.0066212	0.020944	0.021032	0.095984	0.041641	0.032994	0.0125	0.021763	-0.00042539	0.0096995	0.040361	0.010453	0.10579	0.035344	0.074241	0.14082	0.033633	0.023558	0.037446	0.022848	0.094125	0.019778	0.005923	0.021945	0.020577	0.077339	0.057954	0.0057807	0.036352	0.1849	0.022292	0.025251	0.019056	0.075776	0.048278	0.0047419	0.0062384	0.084755	0.021599	0.097728	-0.0003984	0.015393	0.26197	0.046508	0.0087268	0.031064	0.008509	0.0026702	0.045568	0.026479	0.0042794	0.0099105	0.052493	0.093079	0.098524	0.060303	0.023599	-0.0004606	0.0019623	0.14374	0.011093	0.06054	0.016331	0.063095	0.078143	0.25648	0.017965	0.029882	0.13937	0.15346	0.022957	0.016377	0.0058358	0.029306	0.019808	0.071958	0.018836	0.09476	0.0064237	0.10591	0.059078	0.069825	-0.00037523	0.075917	0.0074285
0.0017871	0.0062777	0.009533	0.0038946	0.014158	0.03716	1	0.017857	0.0099725	0.016406	0.015105	0.0049315	0.009665	0.011499	0.0034208	0.066595	0.0049759	0.019519	0.027454	0.039806	0.031109	0.013234	0.024004	0.013773	0.028326	0.0079748	0.015436	0.010895	0.0096607	0.025094	0.055423	0.0022058	0.0077133	0.019888	0.020049	0.0035734	0.0080004	0.0044442	0.0068938	0.012927	0.0017553	0.011562	0.007353	0.015323	0.0056794	0.011037	0.020997	0.0096065	0.00031834	0.014972	0.010847	0.044819	0.0068628	0.01806	0.01853	0.013969	0.0059054	0.003013	0.015679	0.027638	0.016395	0.0058183	0.0020719	0.0051856	0.017287	0.0067002	0.010992	0.0016105	0.008677	0.013649	0.007254	0.011672	0.0094623	0.018527	0.006307	0.0017189	0.0039094	0.011212	0.0090105	0.0081207	0.0021883	0.0057854	0.031344	0.016378	0.0057667	0.0078916	0.0025082	0.0024327	0.010584	0.0092142	0.002524	0.039557	0.0057396	0.013617	0.0118	0.024052	0.0070807	0.00025931	0.001082	0.018848	0.0033131	0.015349	0.01279	0.016191	0.015176	0.062819	0.0084608	0.014425	0.046217	0.043246	0.0042575	0.0060231	0.059896	0.0043314	0.0099063	0.033968	0.0033437	0.0076037	0.042646	0.012075	0.018038	0.010678	0.00035083	0.014558	0.0068491
0.00021869	0.0052078	0.0086017	0.0031778	0.019416	0.029356	0.017857	1	0.01047	0.014476	0.0076859	0.003031	0.0056884	0.011636	0.036854	0.0054419	0.004369	0.02102	0.029124	0.022575	0.057474	0.0028724	0.017089	0.012121	0.01793	0.010136	0.023515	0.0092688	0.0074359	0.019774	0.037166	0.0048208	0.010851	0.044439	0.032399	0.0036533	0.010665	0.0077226	0.022486	0.010157	0.0037948	0.013441	0.0095116	0.011358	0.007778	0.019499	0.0030264	0.0098011	0.00058514	0.0040564	0.015901	0.0018772	0.021479	0.0065472	0.015713	0.026576	0.0030813	0.0044848	0.014801	0.0057461	0.017346	0.0045629	0.0018219	0.015715	0.0035709	0.0057844	0.014898	0.00096584	0.0077399	0.018051	0.026336	0.018435	0.02888	0.019349	0.0085672	0.0015984	0.0017244	0.010808	0.0073029	0.0090509	0.00046382	0.0064572	0.027723	0.020816	0.001939	0.010036	0.011152	0.00040317	0.018607	0.014342	1.5458e-05	0.029927	0.004893	0.016639	0.019914	0.0072917	0.011171	0.00024193	0.0016915	0.012264	0.0035853	0.015648	0.017452	0.011832	0.016133	0.038043	0.021702	0.018513	0.027655	0.024531	0.0052553	0.010654	0.003111	0.0063896	0.01261	0.027527	0.0038742	0.01078	0.050444	0.021479	0.015151	0.044458	-0.00015976	0.014797	0.0032191
0.0010553	0.011283	0.021196	0.0024197	0.011069	0.016201	0.0099725	0.01047	1	0.020899	0.093678	0.0022854	0.058206	0.064321	0.0022151	0.0042009	0.0046602	0.046216	0.0081503	0.014334	0.042637	0.010733	0.022999	0.0094193	0.17798	0.013231	0.0091183	0.015114	0.087453	0.078345	0.022432	0.0017154	0.030377	0.0274	0.059576	0.0029788	0.039394	0.0061689	0.0038743	0.062541	0.01007	0.0092961	0.016896	0.040092	0.02581	0.15474	0.011679	0.041018	-0.0010415	0.0016754	0.06989	-0.0015388	-0.00058428	0.010976	0.022574	0.046232	0.066751	0.0082104	0.19183	0.0074786	0.027892	0.0025582	0.00019189	0.10624	0.072702	0.039885	0.11258	-0.00031323	0.030972	0.011404	0.0051023	0.0022879	0.0064901	0.024479	0.095818	0.0042456	0.0014947	0.04508	0.04126	0.0068435	3.1812e-05	0.044782	0.011077	0.096651	-0.00032205	0.032289	0.00029618	-0.00018696	0.008677	0.03542	-0.00013142	0.020907	0.0051235	0.043488	0.079146	0.0156	0.034698	-0.00095662	0.0006579	0.017374	0.016285	0.0246	0.01134	0.032775	0.11268	0.027495	0.011962	0.024373	0.028421	0.044647	0.019285	0.050604	8.4753e-05	0.15729	0.060906	0.12469	0.010842	0.013236	0.012791	0.024871	0.078373	0.0042494	0.00298	0.17255	0.0016562
0.0049323	0.012419	0.09456	0.0046772	0.02173	0.076014	0.016406	0.014476	0.020899	1	0.024433	0.0018045	0.026093	0.095729	0.0030838	0.0045512	0.011086	0.060692	0.013228	0.022445	0.061088	0.0053809	0.033479	0.010069	0.048054	0.01639	0.091432	0.0079966	0.047744	0.016013	0.02688	0.0015488	0.041962	0.054968	0.12301	0.014575	0.21717	0.013221	0.015556	0.015718	0.0050795	0.0023545	0.011482	0.04908	0.041868	0.049283	0.0050081	0.16767	0.0010925	0.0031263	0.014202	-0.00012359	0.029936	0.012725	0.018058	0.17705	0.011482	0.011284	0.041178	0.005541	0.021004	0.17037	0.00094605	0.048626	0.17991	0.027419	0.042615	0.00195	0.03117	0.035638	0.0064792	0.010755	0.0038424	0.012916	0.023716	0.010659	0.0069045	0.03222	0.02505	0.017458	0.00045968	0.031766	0.070059	0.039741	0.010365	0.024553	0.0029923	0.00021366	0.012303	0.029288	0.00062175	0.010199	0.6069	0.024119	0.072321	0.039006	0.035195	-0.00040382	8.3989e-05	0.044328	0.025327	0.015778	0.012382	0.01638	0.042732	0.040656	0.00853	0.02401	0.019052	0.011795	0.020184	0.037397	0.0044233	0.036484	0.030427	0.036416	0.036003	0.19606	0.0053526	0.066221	0.078179	0.018354	0.00017112	0.084986	0.001513
0.01021	0.0033653	0.067063	0.00033003	0.034801	0.049654	0.015105	0.0076859	0.093678	0.024433	1	0.00089641	0.085831	0.041313	0.001775	0.0062704	0.0070931	0.0843	0.013808	0.016965	0.0067134	0.011439	0.067036	0.0039665	0.01806	0.0040854	0.15589	0.0056058	0.037562	0.013918	0.023885	0.0020442	0.011706	0.12969	0.045572	0.0033109	0.010043	0.0053296	0.0037555	0.024284	0.0024437	0.010115	0.011823	0.010045	0.012538	0.027967	0.011336	0.012837	0.00095431	0.0040132	0.038443	0.0050391	-0.00032022	0.020486	0.0066546	0.045144	0.030318	0.0027776	0.11037	0.014634	0.015034	0.001948	0.00117	0.38493	0.026467	0.059228	0.088474	0.0086259	0.010382	0.0069031	0.016591	0.0068054	0.0013307	0.0054678	0.050979	0.00084132	0.0032059	0.013431	0.045884	0.0076004	0.0024583	0.011611	0.0022442	0.039096	0.0034478	0.028808	0.00084601	0.00037428	0.03181	0.034457	0.0047744	0.012365	0.0187	0.11593	0.1682	0.013581	0.021573	-7.6794e-05	0.0034478	0.0094766	0.0044608	0.0058901	0.0084185	0.0050944	0.066308	0.0067191	0.011964	0.032258	0.11816	0.020322	0.0098292	0.04721	0.002334	0.020483	0.038548	0.024711	0.010632	0.057127	0.0015121	0.0030813	0.028841	0.0073498	0.011211	0.029631	0.00019494
0.0015283	0.0018912	0.0049637	0.0010244	0.0027716	0.0084862	0.0049315	0.003031	0.0022854	0.0018045	0.00089641	1	0.0053257	0.0028514	0.00096306	0.0019803	-8.9257e-06	0.0051919	0.0049987	0.0073274	0.0042922	0.00082032	0.0050564	0.02276	0.0071279	0.0024513	0.0016401	0.002516	0.0024324	0.0082303	0.0047311	0.00023322	0.0010311	0.004524	0.0031723	0.00030262	0.0017462	0.0015467	0.00093022	0.0018773	0.00088273	0.0035389	0.0024056	0.0029804	0.00074094	0.0014607	0.00063669	0.0022688	-9.5961e-05	0.0010002	0.0069899	0.0028419	0.00011632	0.0013232	0.0061219	0.00076098	0.0012087	0.0005572	0.0044748	0.0043949	0.0034252	0.0005669	0.00031349	0.0013467	0.00029929	0.001635	0.0028651	0.00074225	0.0011106	0.0041877	0.0014698	0.00025702	0.010635	0.0040614	0.0010225	0.00039433	0.0017252	0.0013151	0.0011129	0.0010074	-7.9718e-05	0.001716	0.0060963	0.0049682	0.00048777	0.0024372	0.0078687	0.15965	0.19495	0.0018962	0.0027518	0.026149	0.0023938	0.0019915	0.0027168	0.0018905	0.0015541	0.16549	0.029984	0.003366	0.0010589	0.0039482	0.0016441	0.0044644	0.0037167	0.015647	0.0012507	0.0021905	0.0077147	0.0073433	0.0005091	0.00090826	0.00077808	0.0013598	0.0020461	0.01115	0.00022772	0.001577	0.038059	0.0024351	0.0044949	0.027566	0.00055216	0.0066425	0.035259
0.00041441	0.0023138	0.0091129	0.010928	0.020449	0.057688	0.009665	0.0056884	0.058206	0.026093	0.085831	0.0053257	1	0.073174	0.0020782	0.010364	0.0018702	0.014474	0.0096421	0.012886	0.012352	0.017705	0.10156	0.010286	0.016513	0.013519	0.018659	0.019576	0.016648	0.024113	0.052248	0.001613	0.012265	0.032945	0.018688	-0.00038689	0.011055	0.012164	0.0036179	0.14825	0.0027324	0.019933	0.013178	0.06299	0.0099558	0.041066	0.012923	0.016553	0.0026799	0.0030446	0.061378	0.0061805	-0.00035877	0.0067829	0.027538	0.02042	0.30549	0.0041845	0.050513	0.013714	0.017963	0.0083627	0.00062504	0.051354	0.0036797	0.16454	0.027953	0.0049351	0.017679	0.013152	0.0080404	0.0043966	0.0088198	0.038179	0.17763	0.0034992	0.0039438	0.022676	0.013979	0.006666	-0.00043857	0.011874	0.029043	0.029113	0.0022064	0.019707	0.0089929	0.01805	0.014607	0.018563	0.0096236	0.003855	0.027904	0.014093	0.059104	0.016143	0.025009	0.0012864	0.00091766	0.0097475	0.011563	0.023844	0.0050455	0.027211	0.0092217	0.029802	0.0041219	0.022657	0.11649	0.015647	0.004529	0.019466	0.0016575	0.016437	0.021125	0.020885	0.0082947	0.032375	-0.00031175	0.006934	0.014223	0.0048193	0.00031387	0.14622	0.0045268
-4.4412e-05	0.0086566	0.015361	0.012309	0.01241	0.0803	0.011499	0.011636	0.064321	0.095729	0.041313	0.0028514	0.073174	1	0.0027288	0.0037869	-6.6106e-05	0.071032	0.0075837	0.013697	0.028674	0.0053898	0.10031	0.011939	0.073297	0.018898	0.098067	0.019675	0.18858	0.025954	0.038404	0.00094438	0.039579	0.020139	0.15514	-0.0003217	0.10312	0.015614	0.0024463	0.047705	0.0011659	0.0055046	0.023603	0.046175	0.064342	0.038964	0.0081942	0.016258	0.00064371	0.0026864	0.049484	-0.00017499	-0.00022719	0.0078169	0.033126	0.072722	0.043767	0.017535	0.054773	0.011237	0.047827	0.0025286	0.0010227	0.02853	0.027461	0.052964	0.026703	0.0007227	0.02948	0.045185	0.0035711	0.0045824	0.0062208	0.050126	0.043047	0.0076974	0.0014258	0.046504	0.038134	0.074837	0.0076851	0.022453	0.051935	0.059319	0.0010775	0.020826	0.0081134	0.00062599	0.012716	0.028153	0.00043254	0.0047197	0.015043	0.021148	0.056057	0.027269	0.016572	-0.00076853	0.00065934	0.029727	0.015932	0.024003	0.0080447	0.072174	0.068386	0.054964	0.0047098	0.023668	0.029826	0.059418	0.043893	0.027657	0.00029766	0.070002	0.019366	0.084842	0.018972	0.02468	-0.00046787	0.01828	0.10458	0.015095	0.001666	0.032549	0.0031345
0.00070279	0.0023394	0.001478	0.00099663	0.0076273	0.011729	0.0034208	0.036854	0.0022151	0.0030838	0.001775	0.00096306	0.0020782	0.0027288	1	0.001611	0.028514	0.0054448	0.0044091	0.0051236	0.0039443	0.00076555	0.0060264	0.0040736	0.0085185	0.0046109	0.0044032	0.003287	0.0027455	0.0067819	0.018494	0.0009797	0.0023447	0.0064589	0.0044734	0.0036137	0.0026093	0.0051752	0.0020746	0.004766	0.001268	0.0021733	0.0022385	0.0036599	0.0019917	0.0030385	0.00068638	0.0067057	-6.7703e-05	0.0011158	0.0062149	0.00056266	0.0069852	0.004594	0.0048459	0.0024394	0.0011995	0.0028411	0.0018205	0.001736	0.0060189	0.001946	0.02714	0.0019987	0.0042035	0.0023027	0.0085816	0.0020699	0.003104	0.004899	0.0026726	0.0080514	0.0017354	0.0061789	0.0035186	0.00073446	0.0028608	0.0024929	0.0018386	0.002589	0.0013157	0.0030781	0.011323	0.0062522	0.0050234	0.0028027	0.00046917	0.00025863	0.0097094	0.0036149	-7.9995e-05	0.0084276	0.0025807	0.0038765	0.0038788	0.0068584	0.003032	-0.00011373	0.0023243	0.0058026	0.0017766	0.0063179	0.0025601	0.0032653	0.0077439	0.013968	0.0044952	0.0057014	0.0079929	0.009075	0.0016183	0.0028494	0.00062035	0.0015532	0.0020534	0.013283	0.00075693	0.0028123	0.10117	0.0084657	0.0080688	0.027161	0.00030621	0.0067205	0.0010217
0.00072631	0.0018805	0.0038514	0.0012443	0.0051604	0.01497	0.066595	0.0054419	0.0042009	0.0045512	0.0062704	0.0019803	0.010364	0.0037869	0.001611	1	0.0014118	0.0085187	0.006965	0.014989	0.0044083	0.0013233	0.0074337	0.0036334	0.011501	0.0023916	0.0063025	0.0036144	0.0037579	0.0076746	0.014672	0.0010804	0.0024032	0.010814	0.0086334	0.0008731	0.0030448	0.0018794	0.0023394	0.0061761	0.00087684	0.0024874	0.0029936	0.008207	0.002328	0.0041364	0.027393	0.0030903	0.00019032	0.0024202	0.0034154	0.53337	0.032573	0.063042	0.0056683	0.005041	0.0034433	0.0034204	0.0044093	0.0053796	0.011892	0.0038601	0.001308	0.0025998	0.0036218	0.0038687	0.015453	0.00034084	0.0071158	0.0055855	0.0022309	0.0028062	0.0031466	0.0069254	0.0060956	0.00089092	0.002098	0.011545	0.0018094	0.0019072	0.0012678	0.0018644	0.0076848	0.0051632	0.0020032	0.0034312	0.005483	0.023393	0.0040721	0.0075418	0.0022902	0.050294	0.0015292	0.0071652	0.0042657	0.010869	0.003489	-0.0001899	0.00036754	0.010717	0.0027393	0.0044702	0.0094013	0.0051206	0.013508	0.015963	0.0075223	0.0044943	0.010394	0.0056127	0.0019908	0.0028908	0.050098	0.0026295	0.0024927	0.012866	0.0014202	0.001863	0.073512	0.030204	0.0097597	0.0079696	0.0030242	0.0078455	0.012599
0.020477	-0.00010998	0.0073657	0.00015899	0.00019333	0.0053744	0.0049759	0.004369	0.0046602	0.011086	0.0070931	-8.9257e-06	0.0018702	-6.6106e-05	0.028514	0.0014118	1	0.0039273	0.0080225	0.003804	0.0018454	0.00081269	0.0005164	0.00039685	-0.00049397	-0.00013545	0.0055574	0.00077731	0.005834	-0.00019598	0.00112	0.021136	-0.00013218	0.002177	0.0015097	0.042677	0.00063243	0.025044	0.0066253	0.0037326	0.007009	0.00087903	-0.00019487	-0.00024613	0.00030484	-8.67e-05	0.00077456	-0.00028739	0.0076364	0.0011217	2.6771e-06	0.0019759	-0.00010462	0.00011039	0.00091019	0.00069199	7.1035e-05	0.013653	0.0025757	0.0013968	0.00062268	0.020659	0.0919	0.00034288	0.04674	0.0041785	0.090015	0.032289	0.010385	0.01108	0.0021764	0.033935	0.00033146	0.0018136	0.0058195	-7.3494e-05	0.044027	0.0023291	0.0001426	0.0011048	0.0033386	-0.00031145	0.0010694	0.0004422	0.093608	-3.7524e-06	0.00067305	0.00031438	0.022074	0.0016131	0.0010501	0.0067336	0.0028994	3.3556e-05	-8.48e-05	0.088763	0.00030986	0.0009996	0.025598	0.00062042	-0.0004029	0.0018659	0.0083415	0.00017836	0.014579	0.00036651	0.010412	0.02674	0.0047602	0.00059087	0.00032588	0.0027507	0.0013996	0.00041293	0.0024416	-0.00028044	0.00081338	0.0021785	0.059886	0.00010606	0.0053532	0.0029595	0.011166	0.0015196	1.8039e-05
-0.00013605	0.024731	0.21346	0.028887	0.19409	0.19195	0.019519	0.02102	0.046216	0.060692	0.0843	0.0051919	0.014474	0.071032	0.0054448	0.0085187	0.0039273	1	0.019425	0.03965	0.020585	0.013873	0.035463	0.014318	0.082281	0.015442	0.30112	0.011493	0.18547	0.036831	0.047226	0.00035511	0.023731	0.084684	0.18927	0.0069451	0.043406	0.0059351	0.01384	0.022043	0.013716	0.0055316	0.012451	0.039922	0.028083	0.016652	0.0088644	0.024395	-0.00055185	0.0014637	0.063279	-0.00090332	0.0041257	0.089351	0.024532	0.047708	0.012095	0.0060212	0.064551	0.018801	0.034453	0.0059381	0.0025073	0.041753	0.14824	0.014913	0.076482	0.0042292	0.093602	0.032117	0.018005	0.013148	0.007249	0.023089	0.030674	0.0061634	0.017646	0.056042	0.017935	0.037191	9.8037e-05	0.01601	0.036829	0.068387	0.0070624	0.035175	0.011034	0.0012091	0.044002	0.025473	0.0037274	0.028417	0.018321	0.32804	0.044275	0.029088	0.023261	0.0014393	-0.00034217	0.11538	0.012015	0.02632	0.01654	0.02847	0.15415	0.049469	0.031359	0.026857	0.033588	0.039513	0.0092644	0.016618	0.0070256	0.089098	0.038034	0.057684	0.012607	0.042466	0.026912	0.021316	0.11495	0.036109	-0.00047405	0.034825	0.0032311
0.0016753	0.0042277	0.010519	0.0036084	0.0075751	0.045995	0.027454	0.029124	0.0081503	0.013228	0.013808	0.0049987	0.0096421	0.0075837	0.0044091	0.006965	0.0080225	0.019425	1	0.12166	0.024287	0.025142	0.022836	0.014363	0.020325	0.0081138	0.016506	0.01045	0.008309	0.022922	0.064659	0.0022962	0.0075661	0.037548	0.019558	0.027437	0.0063103	0.0061367	0.009391	0.01294	0.0032167	0.06268	0.0065367	0.011307	0.0077033	0.010861	0.0073301	0.011711	-9.8225e-05	0.003773	0.013347	0.0036307	0.0010381	0.0088626	0.020658	0.010968	0.0041211	0.0045508	0.014764	0.024657	0.017002	0.0056564	0.0017844	0.0043922	0.017487	0.0076173	0.0093822	0.0010881	0.0066609	0.019103	0.05289	0.010401	0.0084621	0.022684	0.0059206	0.0016576	0.0039651	0.0079462	0.0046532	0.0072958	0.0017001	0.0069611	0.024197	0.02002	0.0068468	0.010098	0.0034594	0.0016365	0.014253	0.008298	0.002485	0.035716	0.0046824	0.013002	0.010506	0.012266	0.0079716	0.00068549	0.0011771	0.011661	0.0028952	0.012994	0.027674	0.011092	0.017211	0.055515	0.039824	0.022449	0.056337	0.030721	0.0044559	0.0053206	0.041939	0.0048315	0.011116	0.034525	0.0029299	0.0076367	0.037992	0.0087448	0.014932	0.012749	0.0058704	0.0092025	0.0063654
0.0010832	0.0072272	0.019327	0.0050795	0.023323	0.064838	0.039806	0.022575	0.014334	0.022445	0.016965	0.0073274	0.012886	0.013697	0.0051236	0.014989	0.003804	0.03965	0.12166	1	0.041629	0.016072	0.030762	0.020397	0.031661	0.0099789	0.032973	0.012851	0.013703	0.031768	0.080253	0.0017395	0.010277	0.074636	0.034912	0.0041228	0.010605	0.0067374	0.0088902	0.017754	0.0060268	0.07157	0.010462	0.017298	0.0099786	0.018609	0.0093981	0.016768	-0.000208	0.0056178	0.016796	0.01608	0.024799	0.036131	0.021975	0.02249	0.010538	0.0059969	0.021096	0.02114	0.021569	0.0069458	0.00304	0.014222	0.043804	0.010368	0.020715	0.00091676	0.010213	0.020371	0.020304	0.010733	0.010038	0.026293	0.013132	0.0023657	0.0063591	0.013545	0.0070494	0.012154	0.0010767	0.0085396	0.043105	0.023564	0.0043826	0.012642	0.0017008	0.0049468	0.021158	0.015023	0.0011316	0.057199	0.0080929	0.022647	0.019726	0.016295	0.010316	0.0019155	0.000523	0.021567	0.0064068	0.019893	0.013134	0.021121	0.030439	0.082099	0.011843	0.021562	0.056792	0.047932	0.0056205	0.007235	0.023826	0.01209	0.014132	0.047341	0.0044288	0.012395	0.043733	0.02825	0.024503	0.021117	0.007419	0.021448	0.033717
7.4023e-05	0.01806	0.018542	0.0065706	0.030122	0.053524	0.031109	0.057474	0.042637	0.061088	0.0067134	0.0042922	0.012352	0.028674	0.0039443	0.0044083	0.0018454	0.020585	0.024287	0.041629	1	0.0064596	0.061397	0.027878	0.053548	0.025377	0.055065	0.021225	0.01911	0.068553	0.079285	0.0015338	0.072594	0.082415	0.14589	0.00088052	0.033532	0.048325	0.0053669	0.022026	0.0075083	0.0090409	0.019885	0.046461	0.014617	0.069838	0.0058328	0.039506	0.0015503	0.0030331	0.015275	-0.00055135	-0.00018006	0.020919	0.19049	0.15143	0.014922	0.062442	0.028512	0.0053945	0.038429	0.0062284	0.0017668	0.025185	0.0025256	0.015934	0.010146	0.00065365	0.041274	0.14282	0.009004	0.010211	0.011414	0.064765	0.0093529	0.016712	0.0011252	0.014821	0.10511	0.01233	-0.00045317	0.045271	0.050291	0.080257	0.0038452	0.042798	0.00065045	0.00075957	0.0063486	0.021956	-0.00026427	0.0096714	0.010942	0.023652	0.052075	0.013518	0.018866	-0.00050413	0.0014262	0.016655	0.022578	0.034106	0.0094245	0.040336	0.011082	0.055207	0.0072382	0.070416	0.028805	0.10118	0.020951	0.04779	0.0001778	0.01147	0.050832	0.07591	0.010695	0.014193	-0.000589	0.012239	0.056725	0.037889	-0.0003302	0.030057	0.0046983
0.00093568	0.0013999	0.0053246	0.00079403	0.012464	0.021212	0.013234	0.0028724	0.010733	0.0053809	0.011439	0.00082032	0.017705	0.0053898	0.00076555	0.0013233	0.00081269	0.013873	0.025142	0.016072	0.0064596	1	0.0081837	0.0043947	0.0086415	0.0023215	0.0041034	0.0049438	0.0060872	0.003322	0.018701	0.00033688	0.006136	0.017359	0.011018	0.0045348	0.0017271	0.0017432	0.0012816	0.0089081	0.0011172	0.013264	0.0014481	0.0048139	0.0022555	0.0098195	0.030694	0.0017726	0.0011616	0.0038803	0.0086952	0.027823	-0.00014438	0.0030857	0.0041717	0.012769	0.0061122	0.0010813	0.007485	0.035937	0.0045325	0.0067545	0.00028926	0.0057233	0.0048576	0.0094913	0.013333	0.00577	0.0029464	0.0046399	0.011904	0.0029854	0.0011207	0.00832	0.0058544	0.00032016	0.0013971	0.0033403	0.002589	0.0034606	0.01133	0.001255	0.0027487	0.0087682	0.0021943	0.0043893	0.024799	0.0016436	0.0039248	0.0036138	0.029555	0.0022609	0.0051508	0.01841	0.010179	0.015176	0.0053212	0.01026	0.00027234	0.0086699	0.00089885	0.0050211	0.010297	0.0056012	0.00984	0.0071457	0.0025321	0.0069587	0.021255	0.0019586	0.0014173	0.0036794	0.0031014	0.0029515	0.0065595	0.0033454	0.0025269	0.0064603	0.0020263	0.0026188	0.0043292	0.013638	0.010211	0.0061488	0.0073218
0.00049223	0.00788	0.014103	0.011704	0.017153	0.091857	0.024004	0.017089	0.022999	0.033479	0.067036	0.0050564	0.10156	0.10031	0.0060264	0.0074337	0.0005164	0.035463	0.022836	0.030762	0.061397	0.0081837	1	0.01858	0.035168	0.036286	0.065876	0.022604	0.036194	0.026505	0.10334	0.0012747	0.030339	0.045821	0.15057	-0.00016539	0.033171	0.030206	0.0046749	0.067769	0.011749	0.016757	0.031778	0.053273	0.030794	0.033372	0.007512	0.016641	-0.00094332	0.0069123	0.024949	0.0001913	0.0022552	0.0091979	0.073645	0.093482	0.068563	0.02344	0.038332	0.014332	0.053838	0.0094306	0.0034371	0.036051	0.017541	0.059124	0.028056	0.0017511	0.04181	0.093687	0.0082593	0.012584	0.0087447	0.030528	0.049212	0.0098622	0.0050059	0.034112	0.058222	0.038117	-0.00060513	0.025226	0.046198	0.064162	0.0051066	0.023885	0.0070044	0.0011515	0.013971	0.027468	-0.00038624	0.014607	0.022912	0.013691	0.070337	0.017418	0.031786	-0.00086399	0.0021804	0.021977	0.0065862	0.020698	0.0084249	0.098336	0.022161	0.068167	0.011873	0.043803	0.13597	0.060584	0.038957	0.038282	0.0021127	0.012529	0.030533	0.02346	0.019693	0.060424	-0.00071049	0.022991	0.050051	0.013156	-0.00048678	0.032169	0.007941
0.00071178	0.005158	0.0047169	0.0041797	0.006754	0.053219	0.013773	0.012121	0.0094193	0.010069	0.0039665	0.02276	0.010286	0.011939	0.0040736	0.0036334	0.00039685	0.014318	0.014363	0.020397	0.027878	0.0043947	0.01858	1	0.040765	0.0092576	0.015407	0.015174	0.0084048	0.027057	0.078373	0.00086262	0.0073612	0.015842	0.018452	0.0011692	0.0093402	0.012066	0.0068864	0.015373	0.0036131	0.0056264	0.0071802	0.014284	0.0063937	0.016173	0.0024265	0.012784	0.0015751	0.0026871	0.014657	0.0028202	0.004776	0.0071103	0.023596	0.012861	0.0072485	0.0034701	0.011144	0.006147	0.027182	0.0045362	0.0039565	0.0080825	0.0024426	0.008894	0.011163	0.0036046	0.0046472	0.013648	0.00466	0.0041893	0.012709	0.033529	0.0074716	0.0021213	0.0045539	0.011998	0.0069965	0.0060322	0.0016989	0.01136	0.050537	0.023422	0.0042638	0.01138	0.0025849	0.017197	0.031603	0.0098341	0.013078	0.04052	0.0053284	0.0092192	0.012754	0.0090978	0.0088146	0.046521	0.016552	0.010269	0.0053805	0.020491	0.0052442	0.017341	0.010192	0.073696	0.0053504	0.015668	0.04318	0.044755	0.0072437	0.0062078	0.0013626	0.0052067	0.0096451	0.047409	0.0018807	0.0080912	0.087384	0.015053	0.015933	0.01269	0.0032819	0.021544	0.014046
0.00059687	0.027727	0.027133	0.01212	0.035416	0.13953	0.028326	0.01793	0.17798	0.048054	0.01806	0.0071279	0.016513	0.073297	0.0085185	0.011501	-0.00049397	0.082281	0.020325	0.031661	0.053548	0.0086415	0.035168	0.040765	1	0.029125	0.039792	0.067083	0.066696	0.074957	0.16485	0.00020896	0.034409	0.017465	0.063077	-0.00015122	0.05784	0.0094798	0.0062729	0.024957	0.0049555	0.013146	0.016143	0.14587	0.045422	0.086721	0.0092436	0.023386	5.0563e-05	0.00042939	0.038031	-0.00085766	-0.00017201	0.029667	0.070113	0.050588	0.008123	0.0028129	0.071714	0.016374	0.085296	0.0054014	0.001673	0.05909	0.023409	0.030574	0.073416	0.0022136	0.021771	0.020979	0.0092199	0.0047889	0.02048	0.11759	0.017022	0.0041098	-0.00016472	0.032374	0.022967	0.024395	-0.00071288	0.025169	0.11794	0.071689	0.0011173	0.026515	0.00021681	0.0010501	0.019849	0.021556	-1.8075e-05	0.0056039	0.0090105	0.054749	0.071718	0.016011	0.024075	-0.0012074	8.1499e-05	0.033938	0.029981	0.091295	0.013648	0.081018	0.11862	0.2859	0.0062374	0.04322	0.042856	0.18727	0.03255	0.029723	0.00046067	0.11156	0.029972	0.25766	0.0061864	0.016036	-0.0011606	0.087691	0.11924	0.018673	-0.00069329	0.22774	0.0062455
0.00023819	0.0043577	0.0055455	0.0040903	0.0084961	0.031142	0.0079748	0.010136	0.013231	0.01639	0.0040854	0.0024513	0.013519	0.018898	0.0046109	0.0023916	-0.00013545	0.015442	0.0081138	0.0099789	0.025377	0.0023215	0.036286	0.0092576	0.029125	1	0.0072967	0.017607	0.011493	0.050162	0.070834	0.00057808	0.012488	0.0075193	0.030667	-8.163e-05	0.013107	0.0058842	0.0031618	0.21117	0.0079737	0.0043238	0.087096	0.018212	0.0066639	0.015107	0.0023714	0.00456	0.00034062	0.0032054	0.026999	-0.00032198	0.00015233	0.0093945	0.025588	0.010962	0.029946	0.0049518	0.019525	0.0076523	0.046959	0.0036753	0.00065403	0.0092813	0.003246	0.024788	0.016913	0.00045753	0.0052111	0.029168	0.0030646	0.0074154	0.0050054	0.022261	0.014019	0.001603	0.00098102	0.035785	0.019696	0.018474	0.00040191	0.011938	0.013211	0.026024	0.0018069	0.017727	0.00099434	0.00081692	0.0060017	0.0097947	-5.4067e-05	0.005644	0.0032627	0.0052076	0.011979	0.0048578	0.0089285	-0.00027982	0.00080318	0.0079729	0.00807	0.049037	0.0039477	0.08453	0.0067254	0.03318	0.0040298	0.011541	0.034761	0.033585	0.014675	0.01901	0.00097006	0.0071747	0.013873	0.020001	0.0029663	0.0070243	0.0031231	0.022457	0.013444	0.007579	-0.00011459	0.035338	0.0045424
0.00021089	0.0050945	0.056528	0.0057501	0.013941	0.066975	0.015436	0.023515	0.0091183	0.091432	0.15589	0.0016401	0.018659	0.098067	0.0044032	0.0063025	0.0055574	0.30112	0.016506	0.032973	0.055065	0.0041034	0.065876	0.015407	0.039792	0.0072967	1	0.0084623	0.088016	0.020318	0.10002	0.00086454	0.033493	0.09827	0.26126	0.0088041	0.080603	0.010507	0.018349	0.012116	0.006645	0.0044174	0.016456	0.055525	0.061783	0.011353	0.003663	0.064816	-0.00061537	0.0011838	0.016057	-0.00032699	-0.00026865	0.19531	0.01974	0.13051	0.0025925	0.010581	0.03386	0.010817	0.034862	0.0030048	0.0027243	0.053978	0.16807	0.016835	0.080907	-0.00043628	0.12961	0.023067	0.010736	0.015207	0.0040949	0.014399	0.042516	0.016201	0.02779	0.030181	0.024112	0.021018	-0.00073776	0.015771	0.034792	0.021992	0.0066224	0.027163	0.0057479	0.0005935	0.078727	0.032853	-0.00028523	0.049738	0.031336	0.21517	0.12487	0.013462	0.027465	-0.0008349	0.00013553	0.023532	0.020675	0.012074	0.011889	0.017406	0.27034	0.047075	0.0615	0.018226	0.054484	0.01323	0.012536	0.047829	0.0039808	0.013711	0.040881	0.034451	0.029098	0.054658	0.0021227	0.023636	0.044887	0.020037	-0.00043224	0.015883	0.0025432
0.011694	0.0074645	0.0045006	0.0084863	0.0057212	0.050345	0.010895	0.0092688	0.015114	0.0079966	0.0056058	0.002516	0.019576	0.019675	0.003287	0.0036144	0.00077731	0.011493	0.01045	0.012851	0.021225	0.0049438	0.022604	0.015174	0.067083	0.017607	0.0084623	1	0.008835	0.031855	0.068178	0.0022423	0.0080384	0.0069901	0.010546	0.001164	0.011956	0.0078479	0.0019125	0.040105	0.0021441	0.0072589	0.0059653	0.020989	0.010149	0.017774	0.0062522	0.0038403	0.02428	0.015912	0.013128	0.003751	-0.00012586	0.0054056	0.025356	0.0080876	0.008239	0.0038128	0.010548	0.0083152	0.023519	0.014308	0.0019501	0.0069868	0.0039559	0.014493	0.030927	0.010532	0.0079319	0.016499	0.0036321	0.0082651	0.0069312	0.07887	0.013162	0.0011828	0.0047862	0.021503	0.007707	0.006777	0.095424	0.0080749	0.086312	0.013972	0.0062851	0.0088467	0.0054585	0.0016488	0.0069117	0.0072763	0.086653	0.0033775	0.0056513	0.0087369	0.013853	0.038443	0.0077934	0.0010996	0.003769	0.0080963	0.0050204	0.043405	0.0040905	0.024453	0.0068114	0.10523	0.0042449	0.016109	0.027474	0.09547	0.0047338	0.005821	0.00034164	0.0072864	0.0081898	0.057602	0.0031222	0.0056029	0.0046153	0.011854	0.011482	0.0095883	0.0962	0.02621	0.0029285
0.00044391	0.0085961	0.04631	0.0027647	0.0097483	0.039949	0.0096607	0.0074359	0.087453	0.047744	0.037562	0.0024324	0.016648	0.18858	0.0027455	0.0037579	0.005834	0.18547	0.008309	0.013703	0.01911	0.0060872	0.036194	0.0084048	0.066696	0.011493	0.088016	0.008835	1	0.04391	0.018482	0.0014293	0.018773	0.030351	0.15642	0.0055667	0.04674	0.0094366	0.0057996	0.01417	0.0025672	0.0043365	0.011672	0.018824	0.028617	0.031297	0.017384	0.022994	-0.00054237	0.0006496	0.059643	-0.00083173	-0.00034154	0.016057	0.019691	0.030972	0.013611	0.0046706	0.096891	0.010884	0.02096	0.0022008	0.00044852	0.077392	0.17163	0.017088	0.043759	0.00085606	0.11336	0.012136	0.011547	0.0042252	0.0047709	0.023274	0.027979	0.0036276	0.00031436	0.13133	0.020156	0.016492	-0.00084866	0.021425	0.0078089	0.10786	0.0019758	0.02447	0.0014681	0.00047557	0.0097257	0.057918	-0.00027418	0.017524	0.010294	0.052478	0.041128	0.0123	0.040278	-0.00098237	0.00052746	0.030941	0.014833	0.012635	0.0069335	0.018776	0.076448	0.022122	0.0069605	0.023	0.023255	0.018113	0.0075489	0.029953	0.00071142	0.17138	0.034546	0.069552	0.017849	0.032088	0.0094925	0.011682	0.16103	0.013968	-0.00053085	0.028164	0.0019372
-0.00040213	0.028464	0.0067742	0.0088	0.015696	0.040382	0.025094	0.019774	0.078345	0.016013	0.013918	0.0082303	0.024113	0.025954	0.0067819	0.0076746	-0.00019598	0.036831	0.022922	0.031768	0.068553	0.003322	0.026505	0.027057	0.074957	0.050162	0.020318	0.031855	0.04391	1	0.091781	0.0011403	0.069673	0.043442	0.044605	-0.00023174	0.025421	0.02282	0.0040847	0.038487	0.025528	0.010748	0.020572	0.027296	0.013649	0.05752	0.0065782	0.051762	-0.00068493	0.0032803	0.060163	0.00016549	-0.00017345	0.021216	0.10049	0.011635	0.017511	0.015465	0.082372	0.0084939	0.044572	0.003492	0.0026963	0.028835	0.0040485	0.0082697	0.025125	-1.0765e-05	0.018976	0.049968	0.0058792	0.0052044	0.015677	0.057755	0.011797	0.0048068	0.0011832	0.014572	0.030023	0.012854	0.01363	0.059429	0.063722	0.15334	0.013976	0.055772	0.0062925	0.0028439	0.015093	0.023523	3.3335e-05	0.012471	0.012497	0.028461	0.058248	0.0029044	0.026175	-0.00080444	-7.3361e-06	0.032779	0.026431	0.049695	0.0094985	0.061828	0.026785	0.15177	0.0089775	0.053743	0.054166	0.056219	0.042065	0.014787	0.00050382	0.024819	0.039679	0.11778	0.0049029	0.017691	-0.00068572	0.013996	0.052596	0.010842	0.0015137	0.058467	0.0083762
0.0061862	0.018086	0.014567	0.015263	0.019553	0.29464	0.055423	0.037166	0.022432	0.02688	0.023885	0.0047311	0.052248	0.038404	0.018494	0.014672	0.00112	0.047226	0.064659	0.080253	0.079285	0.018701	0.10334	0.078373	0.16485	0.070834	0.10002	0.068178	0.018482	0.091781	1	0.0034903	0.039543	0.10658	0.055476	0.0029274	0.029095	0.048893	0.015255	0.13498	0.018459	0.023924	0.028156	0.091023	0.024666	0.098576	0.013598	0.12129	-0.00074868	0.01428	0.020009	0.00050926	-0.00026232	0.060629	0.076328	0.067887	0.01967	0.014373	0.022718	0.030306	0.16182	0.039452	0.0079866	0.030987	0.013849	0.048979	0.033852	0.006652	0.020068	0.082257	0.017207	0.031971	0.02191	0.13123	0.041392	0.0086274	0.007511	0.047551	0.025418	0.050431	-0.00067444	0.037387	0.20817	0.12466	0.021551	0.052998	0.0032824	0.0022453	0.029423	0.062436	2.2477e-05	0.020861	0.01274	0.047452	0.057781	0.058656	0.057259	-0.00084397	0.0065145	0.066692	0.019134	0.090665	0.013429	0.068781	0.027595	0.4415	0.02251	0.094918	0.38939	0.11948	0.051208	0.046225	0.0024571	0.011973	0.045014	0.11088	0.013965	0.032743	-0.00055231	0.083073	0.087638	0.030685	-0.00050588	0.057718	0.0070747
0.014187	4.254e-05	0.00074703	0.00062919	0.00055145	0.002284	0.0022058	0.0048208	0.0017154	0.0015488	0.0020442	0.00023322	0.001613	0.00094438	0.0009797	0.0010804	0.021136	0.00035511	0.0022962	0.0017395	0.0015338	0.00033688	0.0012747	0.00086262	0.00020896	0.00057808	0.00086454	0.0022423	0.0014293	0.0011403	0.0034903	1	0.0012369	0.00032638	0.0010229	0.0028959	0.00063515	0.0023829	0.0013547	0.014352	0.00066387	0.0012866	0.00067847	0.0011823	0.01564	0.00052329	0.0016073	0.0010267	0.004647	0.0031773	0.0010629	0.002201	0.0085046	0.00046649	0.0026513	0.00090857	0.00057922	0.011426	0.0011421	0.00069655	0.0010451	0.029307	0.00025401	0.00045689	0.0059773	0.0027736	0.15846	0.056949	0.0021157	0.006502	0.00070614	0.0010069	0.0023353	0.022737	0.11135	7.2321e-05	0.0022204	0.00049797	0.0014107	0.00061515	0.0023822	0.00060791	0.0027842	0.001967	0.019271	0.00066203	0.0054208	0.0012536	0.009152	0.00058526	0.011447	0.0021485	0.00042982	0.00079472	0.00025515	0.024572	0.0011561	-1.3858e-05	0.001865	0.0016966	2.8379e-05	0.0040146	0.0099789	0.00092605	0.0031942	0.0041479	0.012163	0.0016752	0.0014487	0.0019415	0.0056764	0.00051644	0.0010456	3.9682e-05	0.001217	0.0017857	0.00026212	0.0010993	0.0050679	0.0057916	0.001496	0.0030922	0.0065424	0.0031383	0.00050656
-0.00029184	0.0084902	0.011483	0.0033333	0.016421	0.039378	0.0077133	0.010851	0.030377	0.041962	0.011706	0.0010311	0.012265	0.039579	0.0023447	0.0024032	-0.00013218	0.023731	0.0075661	0.010277	0.072594	0.006136	0.030339	0.0073612	0.034409	0.012488	0.033493	0.0080384	0.018773	0.069673	0.039543	0.0012369	1	0.034607	0.15512	0.001548	0.041681	0.013478	0.0023691	0.016118	0.0057235	0.0031984	0.051152	0.028248	0.035825	0.021339	0.0052408	0.052593	-0.00077537	0.0085007	0.033772	-0.00069529	-0.00036656	0.011897	0.014092	0.10397	0.016096	0.0095702	0.040403	0.0028142	0.047182	0.0021319	0.00082907	0.041566	0.0084394	0.023098	0.025544	-0.00018106	0.092752	0.029583	0.0031397	0.0051326	0.0043277	0.028313	0.01838	0.018574	0.0002541	0.011017	0.2047	0.02609	-0.001046	0.039128	0.023467	0.079887	0.0038855	0.047251	0.0023583	5.1097e-05	0.0058162	0.027437	-0.00044515	0.0067352	0.010874	0.021441	0.14531	0.0029199	0.017121	-0.00078705	0.00018374	0.10338	0.02024	0.015756	0.0071337	0.012642	0.024957	0.019179	0.0089546	0.026282	0.024878	0.027097	0.042722	0.023867	0.00033939	0.0116	0.03634	0.027266	0.033366	0.028338	0.00067106	0.0074493	0.080846	0.0066794	-0.00056236	0.036414	0.0013036
