27969	2.2032	59.127	35.536	22.358	135.48	38.718	3.0976	26.886	131.29	363.49	61.792	10.36	-0.79451	35.651	43.458	528.64	-4.0628	30.282	14.11	2.0063	58.553	9.4662	11.887	16.908	12.055	9.3792	176.41	18.156	-10.285	310.94	1118.2	-6.3229	-9.5394	8.3374	559.31	-7.8349	-4.3915	16.7	71.521	523.65	68.665	4.8217	22.06	39.22	44.244	20.364	-9.9903	312.24	76.543	39.66	53.264	566.34	20.083	19.873	27.732	33.66	115.21	27.627	44.947	21.84	494.62	15.171	2.1604	327.25	146.52	513.92	251.27	20.413	311.46	13.439	121.69	6.6107	60.181	84.679	-4.9283	103.2	0.85044	18.237	47.863	276.44	0.26932	9.2571	-18.9	435.81	-10.317	149.72	496.14	111.61	-0.66423	1937.2	100.77	-3.3605	12.116	-7.4478	1005.9	1.8171	2.0755	187.72	106.98	-11.161	32.841	48.304	59.628	76.026	129.2	49.069	38.247	133.13	6.298	3.1316	48.383	48.644	8.9303	-4.8714	-15.117	-1.4787	25.345	40.728	157.96	45.419	47.334	225.85	101.93	2.362
2.2032	1.303e+05	922.59	224.84	4955.3	1266.2	293.56	159.22	620.5	713.5	258.59	165.04	124.84	334.27	256.14	242.87	-6.1282	1594	164.94	203.21	1056.5	189.08	327.09	185.93	1695.3	476.06	489.04	243.05	758.89	1571.3	1962.2	7.2373	397.03	949.96	654.41	-8.4595	603.64	97.479	126.74	223.65	400.5	106.37	348.44	671.98	239.21	710.7	98.477	1543.6	-7.6159	28.83	347.68	0.78646	-14.789	296.91	618.57	479.01	296.04	216.06	555.05	176.25	390.26	25.627	121.52	436.58	238.99	321.92	181.27	-7.2992	640.41	684.98	153.41	304.97	203.37	291.04	110.56	165.29	16.749	498.85	446.52	936.31	-4.0412	250.91	2138.2	1603.8	10.733	327.61	149.71	72.687	93.732	178.6	-4.229	567.68	923.54	1365.6	514.06	30.52	253.46	10.479	-6.7506	1156	203.87	184.28	132.14	1724.4	517.91	2236.8	135.02	246.98	509.94	3482.3	370.75	193.85	48.235	688.56	153.74	2096.1	139.26	1183.5	-5.4009	1741.5	1004.1	148.3	-17.678	1074.5	33.51
59.127	922.59	43355	5042.9	2709.3	1874.5	257.14	151.69	672.36	3133.7	2972.5	249.87	283.63	342.14	93.346	286.92	236.74	7936.3	236.72	313.46	625.71	414.85	337.67	98.079	956.94	349.45	3130.1	84.53	2358.3	215.71	911.62	73.309	309.76	1191	920.3	479.67	798.04	88.326	528.43	514.97	472.34	83.59	398.53	280.49	434.79	585.9	184.45	1017.2	5.3879	9.879	2930.9	-13.79	4825.9	1029.9	203.61	1899.2	157.44	245.16	791.05	800.94	162.1	157.49	62.518	358.16	10483	428.57	4625.2	281.31	414.07	944.14	318.02	397.97	63.619	177.41	708.16	120.93	244.91	747.14	194.29	1043	379.75	106.62	387.24	1607.5	325.79	211.67	181.07	-0.11574	312.36	131.87	2408.2	701.87	1262.2	20942	818.6	749.1	322.07	53.833	98.702	1713.2	91.943	98.282	316.62	319.54	1711.2	859.84	238.77	163.03	743.61	288.65	559.96	284.17	148.1	868	317.05	506.68	608.85	922.22	451.15	2644.4	414.08	330.95	541.29	1159.2	15.098
35.536	224.84	5042.9	1.5182e+05	1337.3	1319.5	196.59	104.87	143.64	290.06	27.375	96.493	636.45	513.06	117.79	173.46	9.5629	2009.8	151.96	154.17	414.93	115.77	524.43	162.63	799.92	482.34	595.83	298.27	263.46	524.39	1787.4	115.54	168.26	834.96	280.68	22.054	314.94	142.39	89.552	209.01	222.11	128.41	314.45	384.37	290.18	573.39	472.7	71.859	63.759	46.826	589.54	1.9395	-10.091	224.34	491.49	213.69	250.5	319.3	116.28	130.38	513.47	170.79	125.22	68.954	6348.4	115.69	5586.5	53.149	134.02	6208.6	106.24	152.96	186.66	520.69	143.6	70.876	77.827	474.18	162.47	987.49	94.804	85.79	1936.4	441.88	91.507	209.65	2391.5	89.726	124.74	84.886	934.34	481.82	391.77	2225.3	115.77	221.61	115.8	-0.66774	31.26	316.85	74.397	233.35	110.34	1206.7	182.52	2999.9	117.59	315.86	561.01	2042.4	625.21	68.921	26.93	130.18	96.94	733.81	269.22	477.2	9.8524	396.02	243.67	96.581	287.45	347.45	81.316
22.358	4955.3	2709.3	1337.3	1.0981e+05	5466.7	607.78	544.92	558.78	1146.1	2454.9	222.04	1012.9	439.91	766.64	611.81	9.8892	11484	271.3	602	1617.7	1545.5	653.63	223.5	1987.9	852.04	1228.5	171.01	790.03	795.42	1947.4	86.123	704.95	7401	2710.5	15.136	453.75	152.12	199.92	406.76	429.51	116.15	452.64	1365.1	333.7	2599.9	191.95	432.82	26.268	197.15	1699.9	15.378	-44.596	1306.6	740.6	4665.8	970.07	307.07	1011.9	161.44	425.96	413.81	236.35	3603.2	704.64	930.69	1436.9	56.026	1984.5	1299.7	498.84	395.52	573.67	602.12	1096.9	81.128	118.8	1210.4	1000.6	3697.6	-12.338	172.27	444	1369.7	42.987	1632.8	888.67	71.382	510.41	168.55	314.99	3586	2415.5	8921.4	3219.3	238.49	713.68	303.85	22.662	3759.4	144.18	944.03	312.44	879.59	1748.4	1964.1	613.56	933.78	1220.7	1221.7	181.91	367.2	125.08	611.05	444.58	460.22	311.01	3723.7	76.948	875.62	552.02	289.75	-1.332	751.8	109.66
135.48	1266.2	1874.5	1319.5	5466.7	25162	763.62	394.39	391.51	1919.1	1676.7	325.44	1367.8	1362.6	564.36	849.62	131.6	5436.9	788.55	801.12	1376	1259.1	1675.5	843.03	3749.1	1495	2825.3	720.36	1549.8	979.64	14047	170.76	809.22	2110.7	3075.9	44.049	1321.2	269.08	705.2	1151.6	219.28	550.81	692.13	3087.4	849.1	1125.2	458.05	876.38	-9.4771	144.14	1625.3	195.91	20263	1791.8	1510.1	3864.8	1552.8	953.76	889.02	662.21	2541.7	416.75	309.22	416.32	1180.1	2439.7	1129.4	120.39	785.32	7258.5	607.37	1113.5	587.43	947.55	1116.4	211.81	259.84	2106.6	549.95	4155.8	-14.451	245.8	9460.9	1850.8	212.19	672.85	310.33	184.09	632.68	318	388.83	483.3	3450.4	3363.2	2481.6	1140.4	544.37	-7.3195	99.603	3625	250	566.35	425.93	2653.3	2107.8	9963.3	349.7	439.22	5018.8	5851.3	524.11	295.05	292.38	863.56	282.9	1909.6	597.13	3763.1	89.949	6101.8	843.49	936.77	-20.629	1813.1	191.01
38.718	293.56	257.14	196.59	607.78	763.62	16782	195.93	196.81	338.28	416.54	154.45	187.15	159.35	134.42	3086.6	99.504	451.5	384.39	401.67	653.14	641.51	357.58	178.17	621.55	312.66	531.79	127.31	306.08	497.16	2157.9	134.67	129.45	517.9	336.57	90.553	158.97	54.375	254.66	165.51	47.474	248.33	197.62	402.52	94.579	307.39	628.34	315.93	5.7919	181.71	356.73	686.03	1073.5	747.73	307.82	313.1	222.67	99.619	304	654.17	361.55	100.12	88.34	80.342	809.69	172.61	174.95	27.391	153.09	437.6	161.41	420.33	238.22	189.2	119.11	62.704	132.98	227.59	187.37	282.02	64.822	75.444	924.46	532.28	114.51	139.6	74.706	136.97	120.01	90.37	187.29	1575.4	308.1	401.82	242.73	371.46	133.39	3.3652	44.854	388.21	60.979	117.27	272.42	556.08	334.3	1992.9	134.5	173.16	1359.2	1346.7	79.38	88.619	2450.7	104.24	115.55	736.2	86.568	246.6	487.69	568.14	210.33	116.99	15.752	283.93	143.83
3.0976	159.22	151.69	104.87	544.92	394.39	195.93	7173.3	135.09	195.14	138.57	62.061	72.015	105.42	946.78	164.9	57.119	317.89	266.6	148.93	788.91	91.03	166.44	102.51	257.22	259.8	529.63	70.811	154.02	256.13	946.08	192.43	119.05	756.57	355.59	60.526	138.55	61.774	543.06	85.019	67.101	188.74	167.13	195.07	84.682	355.05	59.211	210.73	6.9603	32.185	341.9	18.785	2196.5	177.22	170.65	389.43	75.959	96.945	187.61	88.919	250.1	51.335	50.786	159.18	109.35	97.427	155.02	10.74	89.276	378.37	383.12	434.03	475.33	129.18	105.78	38.122	38.348	143.44	99.284	205.5	8.9825	55.052	534.58	442.3	25.174	116.07	217.15	14.841	137.94	91.966	0.74989	779.22	171.72	321	267.82	73.624	137.59	2.0527	45.843	165.14	43.142	78.161	243.03	265.67	232.35	789.07	225.56	145.29	531.74	499.41	64.06	102.49	83.221	100.53	96.156	390.04	65.576	228.57	377.14	660.73	115.5	318.46	-4.6896	188.68	44.196
26.886	620.5	672.36	143.64	558.78	391.51	196.81	135.09	23208	506.75	3038	84.17	1325.5	1048.2	102.36	228.97	109.59	1257.2	134.2	170.1	1052.7	611.83	402.9	143.3	4592.7	610.03	369.41	207.68	3258.3	1825.3	1027.1	123.17	599.52	839.07	1176.1	88.771	920.52	88.758	168.31	941.61	320.28	234.8	534.01	1238.5	505.44	5068.2	411.01	1586.3	-22.284	23.911	2703	-27.698	-107.48	534.39	440.99	1218.6	2959.8	319.24	4374	208.16	723.36	51.77	9.6215	1935.6	4004.4	1208.4	2107	-6.265	642.58	429.97	133.51	96.89	192.14	293.98	2128	182.13	59.791	1076.1	1009	279.49	1.1082	686.74	384.19	3693.9	-7.5206	671.69	10.374	-12.379	115.7	408.53	-11.468	979.15	323.43	1509.1	1914.6	283.32	768.7	-14.599	32.071	420.81	352.47	221.02	284.06	1323.7	2918.9	1025.8	223.62	344.05	982.93	1635	422.84	875.56	4.078	4451.4	835.4	3178	330.08	504.81	172.01	1376.2	1074.6	54.752	157.34	3957.6	40.898
131.29	713.5	3133.7	290.06	1146.1	1919.1	338.28	195.14	506.75	25332	827.81	69.436	620.78	1629.9	148.88	259.17	272.37	1724.9	227.55	278.26	1575.8	320.46	612.75	160.04	1295.5	789.48	3870	114.8	1858.5	389.77	1285.8	116.18	865.23	1758.6	2537.2	453.77	5301.8	198.74	706.04	247.24	168.78	62.131	379.15	1584	856.61	1686.4	184.13	6774.7	24.421	46.614	573.83	-2.3243	5753.1	647.28	368.56	4875.4	531.91	458.38	980.92	161.13	569.08	3602.1	49.557	925.61	10353	867.85	833.3	40.748	675.64	1403.8	177.13	475.85	118.85	162.05	550.27	477.73	288.55	803.55	639.99	744.86	16.729	508.95	2538.7	1586.9	252.86	533.63	109.5	14.78	171.4	352.92	56.682	499.05	40026	874.44	1827.8	740.12	814.6	-6.4388	4.2775	1121.7	572.71	148.1	324.03	691.15	1156.5	1584.7	166.6	354.11	688.39	451.27	462.36	676.02	222.36	1078.7	436.03	969.67	1145.2	7812.1	75.203	3828.2	1120	247.07	9.4392	2036.5	39.035
363.49	258.59	2972.5	27.375	2454.9	1676.7	416.54	138.57	3038	827.81	45315	46.133	2731.1	940.76	114.61	477.57	233.08	3204.3	317.68	281.31	231.61	911.14	1641	84.318	651.19	263.2	8825.2	107.64	1955.6	453.12	1528.2	205.09	322.83	5549.5	1257.1	137.87	327.91	107.15	227.97	510.88	108.6	357	522.16	433.59	343.09	1280	557.42	693.71	28.531	80.033	2077.5	126.74	-82.308	1393.7	181.65	1662.7	1878.5	150.91	3516.6	569.18	544.79	55.084	81.968	9799.9	2037	2507.3	2313.9	241.08	300.97	363.67	606.63	402.71	55.048	91.756	1582	50.431	179.19	447.99	1567.9	433.73	119.66	248.8	108.76	2087.9	112.5	837.39	41.407	34.628	592.69	555.33	582.15	809.2	1649.5	5621.5	5685.3	344.66	667.83	-1.6377	234.86	320.73	134.91	73.946	294.66	287.5	2400.2	350.27	312.52	636.3	5710.3	1039.9	301.14	1141.4	156.92	809.97	738.83	880.06	452.31	3044.5	28.414	238.24	552.6	132.32	827.16	949.66	6.7266
61.792	165.04	249.87	96.493	222.04	325.44	154.45	62.061	84.17	69.436	46.133	58447	192.46	73.741	70.623	171.29	-0.3331	224.12	130.61	137.98	168.17	74.207	140.57	549.47	291.89	179.35	105.45	54.866	143.82	304.3	343.77	26.574	32.292	219.85	99.382	14.311	64.751	35.316	64.128	44.854	44.554	141.84	120.66	146.11	23.027	75.92	35.557	139.24	-3.2582	22.653	429	81.18	33.955	102.24	189.78	31.83	85.052	34.381	161.91	194.13	140.96	18.205	24.944	38.939	26.16	78.605	85.099	23.559	36.566	250.55	61.034	17.273	499.67	77.402	36.035	26.845	109.52	49.818	43.188	65.29	-4.4069	41.762	335.55	301.33	18.075	80.458	437.37	16775	4125.2	34.706	381.06	1943.5	239.8	109.67	104.29	54.486	54.636	4008	2319.5	129.38	36.372	56.291	65.351	286.13	152.79	926.35	37.104	49.07	423.41	426.74	17.714	24.939	59.412	61.069	44.538	450.97	11.003	95.447	812.22	213.83	97.807	563.64	46.265	241.77	1381.8
10.36	124.84	283.63	636.45	1012.9	1367.8	187.15	72.015	1325.5	620.78	2731.1	192.46	22343	1170	94.225	554.25	43.152	386.31	155.77	150.03	299.22	990.26	1745.7	153.54	418.09	611.58	741.7	263.95	608.61	551.22	2347.3	113.63	237.52	989.89	361.98	-11.312	253.46	171.72	154.21	2190	85.271	493.99	408.65	1909.3	191.3	1319.7	446.24	628.12	56.259	42.634	2329.2	109.16	-64.753	324.03	527.84	528.08	13291	159.64	1130.1	374.55	457.09	166.05	30.75	918.06	198.87	4891	513.35	96.852	359.88	486.55	206.43	182.69	256.2	449.88	3870.8	147.28	154.79	531.13	335.41	267.11	-14.99	178.67	988.37	1091.8	50.556	402.25	309.06	1172.7	191.11	210.07	823.97	177.15	1728.4	479.85	1402.8	287.68	543.64	19.263	43.893	231.65	245.56	210.2	124.01	1078.3	234.39	1090.9	75.609	313.82	3952.9	562.21	97.435	330.48	78.255	456.42	284.31	522.3	247.79	1211.5	-4.1135	376.46	191.35	60.927	16.26	3290.6	109.68
-0.79451	334.27	342.14	513.06	439.91	1362.6	159.35	105.42	1048.2	1629.9	940.76	73.741	1170	11443	88.543	144.94	-1.0916	1356.8	87.679	114.13	497.12	215.74	1233.9	127.54	1328.1	611.82	2789.8	189.85	4933.6	424.6	1234.7	47.612	548.49	433.05	2150.5	-6.7317	1692	157.75	74.623	504.33	26.037	97.625	523.8	1001.6	884.77	896.11	202.49	441.5	9.6709	26.921	1343.8	-2.2117	-29.345	267.24	454.39	1345.9	1362.7	478.74	876.93	219.63	870.94	35.93	36.006	365	1062.1	1126.7	350.94	10.15	429.47	1196.2	65.614	136.26	129.32	422.7	671.29	231.86	40.048	779.5	654.8	2146.1	187.98	241.78	1264.9	1591.9	17.669	304.21	199.55	29.104	119.06	228	26.503	155.21	666.8	515.3	952.18	347.76	257.79	-8.2359	22.569	505.58	242.14	151.43	141.49	2046.8	1243.9	1439.9	61.826	234.6	724.32	1527.8	675.76	336.02	10.057	1391	186.52	1518.4	405.58	660.93	-4.4181	710.25	1007	136.57	61.769	524.21	54.352
35.651	256.14	93.346	117.79	766.64	564.36	134.42	946.78	102.36	148.88	114.61	70.623	94.225	88.543	92007	174.84	1335.1	294.9	144.55	121.06	193.9	86.89	210.2	123.39	437.67	423.27	355.18	89.934	203.67	314.6	1686	140.06	92.135	393.81	175.84	214.42	121.4	148.26	179.44	142.87	80.298	109.29	140.87	225.12	77.662	198.15	48.094	516.36	-2.8842	31.707	478.58	20.166	2558.3	445.35	188.49	128.02	105.9	219.95	82.649	96.211	310.79	78.41	2709.4	72.507	460.98	138.9	319.8	82.431	128.23	367.76	139.24	678.89	102.29	147.74	155.59	62.733	227.85	118.48	89.519	210.52	91.253	93.986	781.94	475.77	233.57	116.09	32.72	34.095	257.78	83.015	-13.899	785.88	324.37	267.84	186.82	248.01	133.74	-3.4559	225.6	279.83	76.562	113.02	127.68	262.58	399.42	1037.6	167.33	160.25	550.4	661.68	70.647	98.162	59.432	87.517	56.079	674.05	45.885	213.56	2708.9	932.68	220.29	696.8	32.192	306.91	50.234
43.458	242.87	286.92	173.46	611.81	849.62	3086.6	164.9	228.97	259.17	477.57	171.29	554.25	144.94	174.84	1.2801e+05	77.972	544.22	269.33	417.72	255.62	177.16	305.84	129.82	696.99	258.96	599.65	116.65	328.82	419.93	1577.7	182.18	111.39	777.73	400.27	61.106	167.09	63.508	238.68	218.38	65.496	147.55	222.2	595.42	107.07	318.17	2263.9	280.68	9.5631	81.119	310.21	22548	14072	7208.6	260.05	312.05	358.57	312.33	236.11	351.67	724.27	183.45	154.02	111.25	468.51	275.26	679.25	16.01	346.72	494.57	137.1	279.09	218.78	195.32	317.93	89.758	197.1	647.25	103.91	182.92	103.72	67.148	625.98	463.44	109.86	167.63	451.03	3637.6	127.52	204.29	469.35	5531.9	226.71	583.95	242.34	463.61	181.53	-6.8064	42.078	609.62	139.24	94.322	553.05	485.7	821.8	1398.7	330.27	149	844.21	482.7	102.51	117.47	5661.2	174.77	80.298	770.12	101.55	166.87	2321.7	3925.1	314.29	241.16	375	422.6	730.71
528.64	-6.1282	236.74	9.5629	9.8892	131.6	99.504	57.119	109.59	272.37	233.08	-0.3331	43.152	-1.0916	1335.1	77.972	23828	108.25	133.84	45.738	46.167	46.941	9.1664	6.1174	-12.916	-6.3278	228.13	10.823	220.25	-4.6265	51.964	1537.7	-2.6433	67.552	30.2	1288.6	14.974	365.11	291.63	56.942	225.88	22.497	-6.2406	-7.7044	6.0489	-2.8773	27.62	-11.262	165.55	16.221	0.10491	36.038	-19.499	5.4458	18.017	18.481	3.1915	537.91	59.507	39.394	16.363	423.62	4668.9	6.3301	2608.5	128.27	1707.1	654.39	218.32	423.28	57.705	1456.1	9.943	22.068	130.96	-3.1946	1784.5	56.335	3.5334	45.717	117.84	-4.8394	37.582	17.125	2214.9	-0.079095	23.887	21.092	298.25	18.851	92.848	319.55	185.46	1.1799	-2.0786	1633.5	6.9557	15.458	1264.4	15.226	-8.8359	16.986	211.71	7.299	382.69	13.855	197.23	382.48	166.81	21.925	7.24	48.226	68.238	11.841	33.934	-7.2424	25.092	84.188	816.03	5.9462	74.376	38.638	597.4	35.317	0.45137
-4.0628	1594	7936.3	2009.8	11484	5436.9	451.5	317.89	1257.2	1724.9	3204.3	224.12	386.31	1356.8	294.9	544.22	108.25	31884	374.87	551.47	595.71	926.94	728.17	255.32	2488.6	834.5	14299	185.11	8099.3	1005.8	2534.4	29.884	548.96	3039.5	4379.4	242.58	1188.8	100.09	704.69	388.99	511.31	163.76	461.24	1445.5	644.6	639.28	365.63	1105.8	-13.839	24.485	2868.5	-19.058	889.5	5099	561.71	1473.9	628.6	274.4	1725.1	613.39	1047.2	140.85	147.35	891.63	9570.4	529.56	1677.8	99.147	2276.2	1419.2	552.2	652.62	251.54	325	798.44	309.9	827.33	1568	514.07	1780.2	4.0028	287.77	1497.2	3063.5	193.3	857.66	453	93.837	687.71	344.35	381.23	1559.9	1355.6	13343	1255.3	619.2	604	25.746	-19.55	3275.4	304.81	277.16	485.6	1347.7	4680.5	2163.2	687.13	444.37	1361.5	1696	238.09	337.01	396.22	2955.4	611.46	1723.2	449.87	1898.3	424.19	1382.4	1847.5	545.31	-29.337	936.2	93.524
30.282	164.94	236.72	151.96	271.3	788.55	384.39	266.6	134.2	227.55	317.68	130.61	155.77	87.679	144.55	269.33	133.84	374.87	11681	1024.2	425.42	1016.8	283.81	155.02	372.1	265.4	474.4	101.88	219.63	378.88	2100.4	116.96	105.94	815.74	273.92	580.08	104.61	62.641	289.43	138.21	72.582	1123.2	146.57	247.81	107.03	252.37	183.01	321.31	-1.491	38.202	366.2	46.365	135.47	306.13	286.3	205.1	129.64	125.53	238.82	486.9	312.82	81.208	63.475	56.774	683.33	163.72	124.58	15.44	98.043	510.95	981.85	312.49	177.73	193.27	93.284	50.449	112.53	134.57	80.727	211.38	42.016	75.734	595.42	542.85	113.43	149.03	85.963	76.873	134.83	67.899	153.84	1186.7	209.7	320.1	180.31	158.04	125.29	7.422	40.708	200.39	44.457	82.822	491.78	317.82	316.3	1469.4	528.19	224.83	1382.3	798.14	69.313	65.311	1431.7	97.003	108.18	624.27	63.286	206.63	362.47	343.28	145.25	116.54	219.9	149.74	111.52
14.11	203.21	313.46	154.17	602	801.12	401.67	148.93	170.1	278.26	281.31	137.98	150.03	114.13	121.06	417.72	45.738	551.47	1024.2	6067.3	525.51	468.44	275.54	158.66	417.72	235.24	683	90.29	261.04	378.43	1878.8	63.857	103.71	1168.6	352.4	62.818	126.7	49.564	197.47	136.67	98.007	924.26	169.06	273.22	99.915	311.64	169.1	331.56	-2.2754	40.994	332.13	147.99	2332.4	899.44	219.49	303.08	238.92	119.22	245.94	300.86	286	71.867	77.934	132.49	1233.6	160.6	198.24	9.3754	108.34	392.69	271.65	232.39	151.95	161.45	149.12	51.889	130.06	165.33	88.14	253.8	19.176	66.958	764.43	460.47	52.327	134.46	30.46	167.47	144.25	88.594	50.487	1369.7	261.21	401.82	243.98	151.32	116.85	14.947	13.036	267.08	70.901	91.383	168.21	436.14	403.17	1566.1	113.21	155.63	1004.3	897.46	63.009	64.006	586.18	174.94	99.112	616.92	68.943	241.7	300.71	799.23	171.79	139.11	200.29	251.52	425.72
2.0063	1056.5	625.71	414.93	1617.7	1376	653.14	788.91	1052.7	1575.8	231.61	168.17	299.22	497.12	193.9	255.62	46.167	595.71	425.42	525.51	26266	391.73	1144.2	451.19	1470	1244.7	2373.3	310.29	757.46	1699.1	3862	117.16	1524.2	2684.9	3063.9	27.915	833.55	739.69	248.03	352.79	254.05	242.93	668.58	1526.9	304.53	2433.4	218.37	1625.4	35.287	46.05	628.48	-10.558	-35.236	1083.5	3958.8	4246	703.87	2582.8	691.59	159.74	1060.2	134.09	94.239	488.16	147.99	513.56	202.02	13.908	910.98	5728.3	250.64	460.02	359.48	827.43	220.97	762.68	47.881	376.37	2734.3	535.68	-16.794	738.56	1855.7	3263.2	95.526	947.13	24.237	53.503	90.058	269.39	-24.533	481.86	734.83	873.17	1340.1	261.18	444.65	-8.1849	73.961	429.15	519.87	325.98	251.14	1733.1	305.41	2191.1	143.96	1057.5	1059.8	3941.9	488.7	879.67	9.1015	345.33	741.74	2058.2	346.4	575.87	-8.4264	720.42	827.45	519.35	-18.547	733.39	123.43
58.553	189.08	414.85	115.77	1545.5	1259.1	641.51	91.03	611.83	320.46	911.14	74.207	990.26	215.74	86.89	177.16	46.941	926.94	1016.8	468.44	391.73	1.4001e+05	352.13	164.21	547.7	262.9	408.32	166.86	557.07	190.1	2103.1	59.409	297.44	1305.7	534.27	331.93	99.122	61.603	136.75	329.42	87.276	822.86	112.41	365.26	108.49	789.95	2653.1	168.38	61.046	136.02	825.99	1230.1	-65.23	369.02	200.17	826.67	665.68	103.27	419.18	2456.9	288.71	335.73	35.623	256.13	657.17	706.27	612.94	283.46	150.15	429.67	765.07	310.53	81.493	245.42	319.35	33.734	137.26	195.85	155.51	347.13	969.4	47.271	234.16	823.11	125.86	224.27	2133.5	267.3	128.54	102.38	6334.6	260.08	798.64	1569.2	604.79	677.01	289.55	384.62	32.609	515.79	47.784	110.8	633.53	555.64	626.1	654.79	116.27	241.27	1805.5	176.17	76.328	156.37	366.54	205.15	220.99	209.42	188.96	605.18	66.929	355.91	145.8	431.6	1324.3	346.39	444.11
9.4662	327.09	337.67	524.43	653.63	1675.5	357.58	166.44	402.9	612.75	1641	140.57	1745.7	1233.9	210.2	305.84	9.1664	728.17	283.81	275.54	1144.2	352.13	13223	213.36	685	1262.8	2014.5	234.46	1017.9	466.12	3571.7	69.085	451.97	1059.1	2243.7	-3.7202	585.06	328.05	153.29	770.17	282.06	319.47	758.1	1242.2	455.21	825.05	199.55	485.8	-15.235	74.464	728.35	2.5992	313.12	338.03	1086	1859.8	2294.8	687.95	659.72	301.13	1053.9	144.05	130.08	495.8	729.26	1352.1	396.37	26.437	654.78	2666.2	163.13	402.27	195.42	276.74	824.96	319.34	151.15	614.64	1074.7	1175	-15.912	292.01	1209.5	1851	90.012	375.05	185.19	57.551	140.62	239.14	-25.44	516.38	1091.8	358.63	1284.3	238.78	531.54	-9.953	80.231	401.8	107.6	140.37	159.29	2997.8	433.33	1919.6	167.55	466.73	3549.5	1674.6	644.75	499.98	76.732	267.65	316.13	451.34	452.56	1739.5	-7.2121	960.25	518.03	127.95	-19.4	556.93	148.02
11.887	185.93	98.079	162.63	223.5	843.03	178.17	102.51	143.3	160.04	84.318	549.47	153.54	127.54	123.39	129.82	6.1174	255.32	155.02	158.66	451.19	164.21	213.36	9972.3	689.54	279.78	409.16	136.69	205.27	413.22	2352.3	40.599	95.231	318	238.78	22.84	143.06	113.8	196.1	151.71	75.327	93.153	148.76	289.25	82.076	347.23	55.975	324.07	22.09	25.138	371.59	33.277	575.88	226.93	302.16	222.2	210.68	88.443	166.56	112.16	462.09	60.173	130.04	96.53	88.19	176.63	136.96	47.259	63.202	337.29	79.931	116.29	246.65	263.94	108.77	59.65	119.41	187.74	112.15	161.49	38.793	114.19	1149	586.8	65.267	155.18	59.35	746.39	276.23	74.35	748.07	1244	220.49	209.71	202.24	108.31	128.01	465.39	528.9	163.04	76.336	120.68	86.106	459.09	173.07	1802.3	65.567	144.98	978.91	1074.3	104.11	70.408	42.978	96.586	86.72	792.06	37.534	202.28	770.31	545.98	143.21	107.18	113.59	323.9	227.38
16.908	1695.3	956.94	799.92	1987.9	3749.1	621.55	257.22	4592.7	1295.5	651.19	291.89	418.09	1328.1	437.67	696.99	-12.916	2488.6	372.1	417.72	1470	547.7	685	689.54	28691	1493	1792.4	1025	2763	1941.7	8392.2	16.681	755.06	594.65	1384.5	-5.0104	1502.7	151.65	302.99	417.79	175.24	369.19	567.26	5010.3	989.03	3158.1	361.69	1005.6	1.2028	6.8136	1635.4	-17.165	-35.18	1606	1522.9	1482.5	400.47	121.61	1818	506.73	2459.5	121.53	93.265	1197	1433.6	1029.9	1527.8	49.228	502.22	879.45	268.24	225.49	674.13	1570.1	420.32	196.03	-7.3261	859.26	624.47	1107.7	-27.611	429.15	4548.1	3046.4	29.009	613.28	8.4436	77.305	294.28	276.43	-1.7537	291.81	632.44	2112.4	1929	323.31	593.02	-20.488	4.4173	913.95	721.5	911.99	380.11	3638.2	3416.5	11860	129.65	678.35	1647.9	7624.9	793.51	571.8	24.645	3510.2	457.09	7301.6	209.42	680.01	-17.353	5395	1817.9	267.51	-40.7	5807.8	171.48
12.055	476.06	349.45	482.34	852.04	1495	312.66	259.8	610.03	789.48	263.2	179.35	611.58	611.82	423.27	258.96	-6.3278	834.5	265.4	235.24	1244.7	262.9	1262.8	279.78	1493	91591	587.25	480.65	850.66	2321.7	6443	82.455	489.63	457.43	1202.7	-4.8325	608.43	168.19	272.87	6315.9	503.81	216.95	5468.4	1117.7	259.25	982.94	165.79	350.34	14.478	90.88	2074.4	-11.514	55.665	908.66	993.03	573.97	2637.8	382.48	884.41	423.14	2419.3	147.75	65.145	335.94	355.18	1491.9	628.87	18.179	214.78	2184.6	159.3	623.85	294.38	531.09	618.5	136.61	77.957	1697	956.81	1498.8	27.813	363.68	910.25	1975.9	83.824	732.56	69.188	107.45	158.98	224.42	-9.3725	525.12	409.16	359	575.65	175.27	392.95	-8.4836	77.781	383.63	346.99	875.22	196.44	6782.1	346.11	2459.1	149.66	323.65	2388.3	2443.2	639.2	653.42	92.726	403.36	378.02	1012.7	179.41	532.2	83.436	2468.5	366.22	193.99	-12.019	1610.1	222.84
9.3792	489.04	3130.1	595.83	1228.5	2825.3	531.79	529.63	369.41	3870	8825.2	105.45	741.7	2789.8	355.18	599.65	228.13	14299	474.4	683	2373.3	408.32	2014.5	409.16	1792.4	587.25	70721	202.99	5724.5	826.35	7994.1	108.36	1153.9	5253.1	9003.3	457.99	3287.8	263.89	1391.5	318.44	368.93	194.76	907.92	2994.2	2112.1	649.09	225.02	4375.7	-22.983	29.491	1084.1	-10.274	-86.264	16600	673.14	6004.9	200.67	718.19	1347.7	525.57	1578.2	106.14	238.45	1716.8	16160	890.33	2643.4	-15.233	4694	1518.1	490.37	1124.2	211.62	301.87	1648.2	1213.2	1940.5	1257.7	1029.3	1498.4	-44.862	422.18	2106.5	1467.2	269.96	986.38	351.44	68.598	1832.5	661.44	-43.447	4066.3	3453.1	13034	5273	426.81	1062.1	-22.242	11.533	994.95	781.14	189.36	519.87	1227.2	12225	3065.8	2007	449.13	3289.3	845.69	479.8	1444.6	334.36	677.34	978.83	1532.8	1546.5	3638.9	49.831	2283	1074.4	450.67	-39.839	635.92	109.63
176.41	243.05	84.53	298.27	171.01	720.36	127.31	70.811	207.68	114.8	107.64	54.866	263.95	189.85	89.934	116.65	10.823	185.11	101.88	90.29	310.29	166.86	234.46	136.69	1025	480.65	202.99	8136.4	194.91	439.44	1848.3	95.326	93.934	126.74	123.27	20.539	165.42	66.857	49.192	357.52	40.377	108.56	111.63	383.9	117.68	344.7	130.28	87.938	307.59	134.46	300.62	39.978	-13.708	155.83	293.29	126.22	216.31	87.778	142.4	137.04	361.14	171.43	57.895	75.373	129.01	259.97	342.73	124.73	97.439	368.31	56.273	207.25	121.5	560.82	173.07	30.044	113.36	303.92	111.59	163.87	1968.2	73.32	1772.6	316.19	86.903	108.97	113.2	64.639	54.57	49.691	4477.1	93.659	211.23	179.52	198.42	413.4	102.23	9.9365	108.79	116.11	64.338	230.9	60.667	584.76	104.47	2324.6	46.987	134.65	562.61	2070	61.456	59.634	9.7334	122.09	66.513	869.26	56.284	126.52	36.749	388.35	93.222	73.148	3007.5	355.94	42.819
18.156	758.89	2358.3	263.46	790.03	1549.8	306.08	154.02	3258.3	1858.5	1955.6	143.82	608.61	4933.6	203.67	328.82	220.25	8099.3	219.63	261.04	757.46	557.07	1017.9	205.27	2763	850.66	5724.5	194.91	59813	1642.3	1358.5	164.74	594.8	1492.1	4957.4	266.32	1753.3	217.97	404.46	342.5	131.08	175.83	592.24	933.56	899.68	1645.6	982.13	1427.6	-18.63	14.883	3703.1	-24.034	-100.86	1255.1	617.53	1310.5	968.88	291.53	3546.6	486.33	872.62	71.497	36.102	2263.7	15176	831.08	1314.8	27.487	3775.8	734.53	485.04	287.25	226.75	448.71	997.54	249.82	20.187	5032.7	791.29	1081.2	-47.46	527.47	434.81	6617.7	74.072	817.2	82.552	50.55	208.19	1072.4	-38.41	1317.6	1043.2	2923.5	1597.2	358.64	1432.5	-24.069	41.279	1203.1	515.4	182.23	278.81	1217.4	3179.3	1324.9	208.9	521.23	1291.1	1064.8	265.71	832.01	54.954	7785.9	760.71	2845.8	872.43	1964.7	204.93	1037.7	3544.8	288.93	-44.997	1037	76.799
-10.285	1571.3	215.71	524.39	795.42	979.64	497.16	256.13	1825.3	389.77	453.12	304.3	551.22	424.6	314.6	419.93	-4.6265	1005.8	378.88	378.43	1699.1	190.1	466.12	413.22	1941.7	2321.7	826.35	439.44	1642.3	23388	4218.7	82.189	1380.4	1335.5	883.98	-6.9327	596.3	329.61	178.13	581.7	815.05	272.51	652.69	846.49	268.32	1891.2	232.39	2009.6	-14.711	46.996	2335.8	2.9904	-32.029	1037	1970.6	307.86	779.47	603.62	1885.4	237.34	1160.4	70.939	135.71	527.39	223.85	251.51	472.07	-0.21614	395.22	1891.2	154.44	221.25	465.91	696.28	263	207	47.512	349.2	737.01	527	476.62	914.89	2218.7	5883.1	327.63	1164.7	221.26	189.03	202.03	272.35	2.9201	586.32	791.98	991.46	1414.5	52.952	582.12	-12.324	-0.359	797.02	574.28	448.21	238.84	2506.7	696.55	5684.1	168.48	761.59	1880.6	2066.7	925.88	256.84	24.336	705.09	546.35	3013.4	149.85	677.34	-9.2572	777.45	723.98	140.24	80.23	1346.2	207.65
310.94	1962.2	911.62	1787.4	1947.4	14047	2157.9	946.08	1027.1	1285.8	1528.2	343.77	2347.3	1234.7	1686	1577.7	51.964	2534.4	2100.4	1878.8	3862	2103.1	3571.7	2352.3	8392.2	6443	7994.1	1848.3	1358.5	4218.7	90332	494.4	1539.6	6439.3	2160.6	172.11	1341.3	1387.9	1307.4	4009.4	1158.3	1192.1	1755.6	5547.4	953	6369.7	944.06	9254	-31.603	402.08	1526.7	18.085	-95.195	5823.7	2941.7	3530.1	1720.7	1102.5	1021.9	1664.2	8279.1	1575.1	790.01	1113.8	1504.9	2927.5	1250	262.49	821.41	6118.3	888.28	2671.1	1279.7	3109.3	1813.6	730.15	592.74	2239.4	1226.3	4063.3	-46.351	1131.1	14244	9399.8	992.84	2175	226.82	293.29	774.02	1420.7	3.8695	1927.5	1586.6	3248.6	2757.5	2101.7	2502.6	-25.411	626.52	3186.9	817.02	1607	663.63	5480.4	1410.3	32495	830.24	2643.4	26568	8632.1	2215.1	1577.9	233.25	668.44	1218.1	5575.2	838.83	2463.7	-14.653	9068.6	2370.7	779.99	-52.696	2611.7	344.68
1118.2	7.2373	73.309	115.54	86.123	170.76	134.67	192.43	123.17	116.18	205.09	26.574	113.63	47.612	140.06	182.18	1537.7	29.884	116.96	63.857	117.16	59.409	69.085	40.599	16.681	82.455	108.36	95.326	164.74	82.189	494.4	2.2212e+05	75.518	30.921	62.472	266.98	45.914	106.07	182.06	668.48	65.321	100.53	66.338	112.99	947.53	53.023	174.99	122.83	307.59	140.28	127.18	122.57	4839.7	70.265	160.24	74.086	79.455	1374.4	80.559	59.981	83.847	1834.8	39.4	25.753	1018.5	259.96	9175.5	3523.8	135.8	758.38	57.163	131.92	213.89	844.75	7650.4	9.5979	274.78	36.775	106.72	77.72	256.73	28.841	298.75	232.57	1392.2	42.606	587.4	256.78	377.54	20.883	3090.2	311.3	83.941	85.318	19.094	1380.6	79.238	-0.6543	281.26	127.13	1.9002	111.59	773.28	115.71	255.99	478.75	703.47	73.158	155	219.95	385.03	27.644	155.65	3.4742	51.641	140.8	24.689	129.71	210.84	991.41	63.459	123.26	1068.7	222.68	38.7
-6.3229	397.03	309.76	168.26	704.95	809.22	129.45	119.05	599.52	865.23	322.83	32.292	237.52	548.49	92.135	111.39	-2.6433	548.96	105.94	103.71	1524.2	297.44	451.97	95.231	755.06	489.63	1153.9	93.934	594.8	1380.4	1539.6	75.518	16783	901.19	2604	39.229	828.24	164.91	87.519	206.36	154.8	68.696	1374.8	742.08	596.61	594.34	156.84	1729.6	-14.107	103.17	1110.7	-10.643	-57.339	492.59	234.11	2330.3	606.93	316.43	783.38	66.612	1040.5	36.687	35.35	644.01	395.29	595.08	406.56	-3.0795	1636.4	948.47	69.864	184.84	108.95	289.15	347.11	677.58	8.6435	223.64	4256.7	906.08	-30.984	510.26	692.14	2596.4	77.159	835.88	70.243	2.877	65.951	269.11	-33.032	268.24	583.76	632.73	2989.2	45.096	322.55	-10.214	7.6167	2129.4	372.54	120.37	151.95	434.19	549.78	608.48	142.36	315.5	731.65	843.81	796.55	351.17	13.887	279.15	423.88	590.95	863.85	919.07	7.6741	350.51	942.69	73.185	-25.25	710.23	27.375
-9.5394	949.96	1191	834.96	7401	2110.7	517.9	756.57	839.07	1758.6	5549.5	219.85	989.89	433.05	393.81	777.73	67.552	3039.5	815.74	1168.6	2684.9	1305.7	1059.1	318	594.65	457.43	5253.1	126.74	1492.1	1335.5	6439.3	30.921	901.19	40406	1599.7	71.56	661.56	1049.5	447.05	344	433.78	353.97	1119.5	316.82	436.57	3585.6	1346.6	6220.7	-25.825	13.987	1439.7	3.4276	-73.72	3157.7	1197.9	6135.5	673.59	477.92	663.18	620.74	770.54	67.093	200.76	3948.2	1669	357.69	1083.3	3.0874	607.16	1782.2	1024.1	616.07	371.38	269.88	743.55	1022.1	296.44	871.9	1286.1	1507.1	-41.796	594.47	1821.8	5545	52.542	879.92	40.236	61.176	542.1	1595.8	-42.742	3789.3	2022.5	2514.1	2786.3	285.47	1531.4	27.401	28.928	477.07	330.28	235.18	551.85	274.21	1575.7	2159.9	464.77	3340.4	3043.8	787.03	826.35	884.3	171.66	686.91	597.48	1215	1087.7	2103.3	3.6076	7053.8	2024.4	436.63	-36.823	1106.1	86.088
8.3374	654.41	920.3	280.68	2710.5	3075.9	336.57	355.59	1176.1	2537.2	1257.1	99.382	361.98	2150.5	175.84	400.27	30.2	4379.4	273.92	352.4	3063.9	534.27	2243.7	238.78	1384.5	1202.7	9003.3	123.27	4957.4	883.98	2160.6	62.472	2604	1599.7	16792	7.6269	1689.8	347.44	251.99	564.23	369.31	124.67	1157.9	1689.6	1458.6	2410.3	234.56	2059.3	-9.8664	34.028	1320.9	-12.336	-78.044	1990.4	345.3	5643.6	806.93	577.77	2275	251.22	1161.2	81.058	84.573	1366	3161.3	817.06	1017.2	-13.355	2742	1867.5	170.42	462.75	119.75	150.17	1590.3	867.92	180.57	751.53	1712.5	2372.4	-38.544	416.7	527.47	4385.4	61.93	1150.3	256.66	39.096	274.37	576.16	-28.107	1565	1830.5	1780.3	5302.7	136.62	1170	-5.6093	17.885	2020.8	619.4	122.18	336.18	1139.4	1950.8	704.25	281.13	475.5	1805.5	677.06	632.53	1481.6	137.04	957.21	964.38	1429.3	1667.8	2598.2	78.516	1128.2	2351.7	274.22	-30.238	621.03	101.06
559.31	-8.4595	479.67	22.054	15.136	44.049	90.553	60.526	88.771	453.77	137.87	14.311	-11.312	-6.7317	214.42	61.106	1288.6	242.58	580.08	62.818	27.915	331.93	-3.7202	22.84	-5.0104	-4.8325	457.99	20.539	266.32	-6.9327	172.11	266.98	39.229	71.56	7.6269	38265	22.199	16.989	245.74	41.959	135.93	28.708	-4.9044	-4.7171	17.526	-3.9799	10.017	-22.493	475.95	144.02	-2.5225	17.056	-34.748	15.646	38.874	12.203	4.3673	220.99	106.55	39.072	4.3491	239.28	3456.3	-10.784	3738.2	25.906	301.32	201.93	58.173	219.87	65.21	790.35	80.764	5.5554	50.368	3.5142	145.07	96.484	22.348	20.987	317.41	-10.562	14.719	-8.016	936.54	-0.10631	78.048	484.85	220.51	12.251	695.6	340.98	329.92	8.0897	-23.237	1484.4	-6.0733	128.23	810.56	27.677	-14.428	19.265	172.56	1.9506	391.54	103.4	81.264	94.395	104.27	-5.2384	12.351	20.139	144.58	-7.8289	48.669	-13.967	40.623	49.424	527.18	20.751	79.386	46.511	92.498	25.173	38.239
-7.8349	603.64	798.04	314.94	453.75	1321.2	158.97	138.55	920.52	5301.8	327.91	64.751	253.46	1692	121.4	167.09	14.974	1188.8	104.61	126.7	833.55	99.122	585.06	143.06	1502.7	608.43	3287.8	165.42	1753.3	596.3	1341.3	45.914	828.24	661.56	1689.8	22.199	23526	159.47	169.34	216.74	167.57	98.388	403.23	2186.7	3939	530.2	89.417	4351.4	4.669	15.959	1084.7	-15.687	468.88	749.79	337.99	2065.5	252.53	139.05	798.24	148.54	687.15	47.833	25.256	789.75	1776.9	364.11	579.97	-9.517	503.01	739.83	48.869	168.88	139.96	290.1	396.95	521.07	109.76	944.87	478.07	2415.4	-18.918	320.58	2679.8	2345.4	23.056	351.83	34.299	-0.31858	116.39	230.39	-22.088	302.31	842.62	771.08	992.25	117.82	633.36	-10.599	-1.176	855.87	446.13	137.08	107.45	979.68	1018.4	2030.9	126.23	242.41	789.41	1207.2	1372.8	651.35	5.8989	828.35	283.57	1377.2	713.63	940.5	17.374	2436.3	1214.5	122.22	-28.764	728.6	41.476
-4.3915	97.479	88.326	142.39	152.12	269.08	54.375	61.774	88.758	198.74	107.15	35.316	171.72	157.75	148.26	63.508	365.11	100.09	62.641	49.564	739.69	61.603	328.05	113.8	151.65	168.19	263.89	66.857	217.97	329.61	1387.9	106.07	164.91	1049.5	347.44	16.989	159.47	8919.9	295.07	81.612	279.73	87.405	254.91	125.83	218.09	1250.2	64.038	1043.7	11.391	12.296	480.56	-7.294	-35.633	197.89	637.69	321.91	102.66	474.87	255.3	43.307	448.01	27.456	15.201	304.9	73.247	420.87	55.381	39.203	100.43	682.92	48.159	118.05	70.303	337.83	65.698	5191	106.67	289.85	180.95	308.47	-12.822	446.8	614.17	1953.7	220.42	408.29	9.1307	-3.5913	62.237	204.26	-20.61	210.03	465.25	106.95	506.71	82.683	360.2	-7.1827	263.77	146.94	756.1	75.91	69.366	63.786	80.684	388.67	53.265	1789.8	715.86	309.97	279.29	539.05	7.8014	101.33	212.68	389.47	92.796	386.34	64.363	713.33	118.49	44.947	-15.628	208.48	20.559
16.7	126.74	528.43	89.552	199.92	705.2	254.66	543.06	168.31	706.04	227.97	64.128	154.21	74.623	179.44	238.68	291.63	704.69	289.43	197.47	248.03	136.75	153.29	196.1	302.99	272.87	1391.5	49.192	404.46	178.13	1307.4	182.06	87.519	447.05	251.99	245.74	169.34	295.07	81314	67.733	18.592	118.29	291.74	292.49	125.54	201.44	70.139	376.35	12.241	48.353	197.8	-4.0203	285.5	435.33	191.7	140.31	75.908	294.29	274.55	66.567	347.88	75.818	60.61	46.656	3615.6	160.59	178.24	4.8232	183.36	334.26	1312	205.19	308.16	95.3	67.423	46.253	269.98	162.54	93.728	278.9	-2.6198	58.181	507.41	271.61	158	116.24	323.99	27.579	194.95	83.389	-1.7942	683.21	562.15	450.16	165.75	7074.6	104.6	-4.3795	41.492	397.43	35.245	59.98	300.9	251.5	602.06	666.22	267.6	107.99	445.99	322.21	88.974	118.63	185.8	155.59	136.83	221.82	91.681	276.75	2308.9	384.08	136.35	151.24	0.39305	151.05	45.169
71.521	223.65	514.97	209.01	406.76	1151.6	165.51	85.019	941.61	247.24	510.88	44.854	2190	504.33	142.87	218.38	56.942	388.99	138.21	136.67	352.79	329.42	770.17	151.71	417.79	6315.9	318.44	357.52	342.5	581.7	4009.4	668.48	206.36	344	564.23	41.959	216.74	81.612	67.733	9767.1	321.39	82.894	682.39	796.79	203.25	515.22	154.22	371.9	256.93	77.068	589.73	76.456	6887.2	336.06	239.48	612.14	7697.8	200.37	226.36	163.31	844.1	188.98	65.76	139.72	674.64	1531	749.85	201.32	265.92	881.26	93.626	297.13	81.417	324.72	3174.5	106.02	87.686	190.51	467.3	832.7	1200.9	99.437	811.69	714.38	113.51	184.44	251.49	81.844	171.17	117.35	2205	169.69	328.23	470.94	952.81	468.94	217.25	18.425	136.86	197.18	76.359	217.3	152.02	2080.7	459.03	1764.4	145.37	205.65	1753.1	392.13	502.9	243.09	41.305	447.17	115.9	555.9	173.68	442.07	11.712	2026.3	366.47	143.2	1009.9	1197.8	65.614
523.65	400.5	472.34	222.11	429.51	219.28	47.474	67.101	320.28	168.78	108.6	44.554	85.271	26.037	80.298	65.496	225.88	511.31	72.582	98.007	254.05	87.276	282.06	75.327	175.24	503.81	368.93	40.377	131.08	815.05	1158.3	65.321	154.8	433.78	369.31	135.93	167.57	279.73	18.592	321.39	43587	53.19	199.72	251.22	52.169	408.27	34.994	278.64	1092.7	112.61	782.11	-13.245	-45.218	523.59	926.61	152.53	199.28	742.21	209.48	100.99	1073.5	23.537	553.96	155.02	216.67	144.85	1147.4	871.13	123.13	916.24	12.255	83.874	93.075	86.461	95.972	5.8814	23.174	34.921	256.71	192.77	729.25	1427.1	246.19	1031.3	47.881	226.04	321.47	9.6986	57.436	115.68	26.993	430.35	247.72	232.03	237.76	485.85	304.17	-4.8884	111.59	410.77	71.472	40.969	92.046	998.23	222.64	1150.5	74.27	1776.6	685.78	243.36	169.1	1365.5	116.45	129.59	160.78	353.21	36.811	311.16	-9.0864	277.54	250.48	42.091	1.362	452.91	9.5876
68.665	106.37	83.59	128.41	116.15	550.81	248.33	188.74	234.8	62.131	357	141.84	493.99	97.625	109.29	147.55	22.497	163.76	1123.2	924.26	242.93	822.86	319.47	93.153	369.19	216.95	194.76	108.56	175.83	272.51	1192.1	100.53	68.696	353.97	124.67	28.708	98.388	87.405	118.29	82.894	53.19	27487	80.956	153.44	55.576	797.19	308.5	157.38	63.446	82.547	935.47	130.72	-28.645	135.49	618.3	52.104	111.68	95.874	209.92	3146.2	325.41	45.637	39.142	87.521	249.62	190.66	141.51	25.999	64.307	380.31	269.34	141.55	120.31	255.53	67.765	31.414	245.42	171.19	64.303	98.536	32.171	97.045	884.83	518.43	40.238	129.22	288.8	70.058	43.329	74.212	1247.3	399.97	94.301	138.07	86.47	192.23	61.604	-4.6725	52.578	164.6	34.677	94.776	1225.7	300.47	163.55	1055.6	526.93	275.98	3432.3	1075.5	28.551	43.652	686.18	88.661	88.397	341.76	35.022	107.43	280.96	119.95	157.68	66.511	153.97	201.12	139.84
4.8217	348.44	398.53	314.45	452.64	692.13	197.62	167.13	534.01	379.15	522.16	120.66	408.65	523.8	140.87	222.2	-6.2406	461.24	146.57	169.06	668.58	112.41	758.1	148.76	567.26	5468.4	907.92	111.63	592.24	652.69	1755.6	66.338	1374.8	1119.5	1157.9	-4.9044	403.23	254.91	291.74	682.39	199.72	80.956	43041	398.02	182.4	749.22	106.97	575.2	-5.4981	62.791	467.99	-3.7274	5842.5	280.81	383.99	1081.7	671.24	228.1	350.61	90.126	1389.6	76.074	70.623	366.76	358.75	329.57	1164.8	-4.4641	218.65	967.72	181.06	451.53	169.73	210.91	4910.4	154.85	189.8	198.18	2480.1	715.41	251.8	227.54	561.74	838.15	47.287	412.82	184.43	56.87	148.45	241.75	14.213	1658.3	527.82	611.43	1214.1	94.892	369.28	-6.7277	21.919	716.87	216.59	177.68	259.48	1087.2	376.84	1068.6	295.68	325.67	1034.9	885.57	868.74	253.05	60.853	200.97	292.06	326.08	262.92	998.26	192.71	2609.3	370.31	183.35	224.64	1418.8	103.19
22.06	671.98	280.49	384.37	1365.1	3087.4	402.52	195.07	1238.5	1584	433.59	146.11	1909.3	1001.6	225.12	595.42	-7.7044	1445.5	247.81	273.22	1526.9	365.26	1242.2	289.25	5010.3	1117.7	2994.2	383.9	933.56	846.49	5547.4	112.99	742.08	316.82	1689.6	-4.7171	2186.7	125.83	292.49	796.79	251.22	153.44	398.02	41119	545.41	906.87	179.39	1872.1	-23.726	73.68	715.14	-7.2369	-4.62	1365.1	1473.8	2851.2	2072.2	320.84	1877.9	156.74	5598.4	141.99	86.988	719.88	2111.8	3643.9	709.31	13.073	775.6	9484.9	162.64	297.05	236.14	638.29	315.63	767.1	137.68	466.24	723.86	1379.9	-35.444	365.51	2153.7	1243.9	94.358	865.36	36.852	70.037	192.35	268.1	-39.848	382.79	467.47	1117.3	7785.6	251.42	802.95	-11.778	57.738	874.27	421.41	336.82	330.93	3126.7	1346.8	3808.4	171.69	212.71	2501.1	2572.6	646.01	795.35	68.785	334.77	529.03	2591.6	485.1	986.39	-10.239	4341.7	896.81	189.66	-29.438	1970.8	137.9
39.22	239.21	434.79	290.18	333.7	849.1	94.579	84.682	505.44	856.61	343.09	23.027	191.3	884.77	77.662	107.07	6.0489	644.6	107.03	99.915	304.53	108.49	455.21	82.076	989.03	259.25	2112.1	117.68	899.68	268.32	953	947.53	596.61	436.57	1458.6	17.526	3939	218.09	125.54	203.25	52.169	55.576	182.4	545.41	16525	288.48	58.736	970.49	128.94	22.35	738.57	-10.94	184.23	485.27	330.5	1907.8	257.94	144.05	545.97	76.024	766.47	27.733	13.348	333.7	1881.6	368.62	395.63	15.634	622.93	588.09	49.545	91.352	69.635	270.69	420.01	281.32	152.19	329.33	357.75	4503.1	45.919	207.15	537.66	876.21	28.621	254.53	83.943	10.079	112.14	167.46	24.852	233.29	485.95	713.94	1307.5	183.57	687.92	-10.147	10.525	369.54	298.75	103.54	91.716	281.17	766.08	960.81	119.69	203.74	670.91	862.91	2989.7	411.73	63.975	498.49	148.01	822.5	302.74	909.11	54.064	1891.5	468.14	79.682	11.19	319.24	31.744
44.244	710.7	585.9	573.39	2599.9	1125.2	307.39	355.05	5068.2	1686.4	1280	75.92	1319.7	896.11	198.15	318.17	-2.8773	639.28	252.37	311.64	2433.4	789.95	825.05	347.23	3158.1	982.94	649.09	344.7	1645.6	1891.2	6369.7	53.023	594.34	3585.6	2410.3	-3.9799	530.2	1250.2	201.44	515.22	408.27	797.19	749.22	906.87	288.48	46223	793.71	4008.7	-2.0035	43.619	2434.2	-10.931	-52.522	620.47	5156.3	1211.1	1057.9	103.66	1003.5	333.44	1073.2	127.21	99.844	4941.1	775.31	7789.7	806.38	13.117	1737.2	475.4	255.77	460.03	250.84	702.25	1412	283.39	82.457	4248.6	1237.3	545.88	-34.835	725.07	2033	3701.3	38.445	2638.2	62.689	-11.736	118.06	1867.1	-19.611	500.81	888.97	1137.3	1573.2	196.7	2530.5	-0.8083	38.651	343.34	185.87	568.56	223.38	1432.9	736.58	2403.4	320.49	3721.2	2358.8	1748.8	484.37	1068.8	29.598	4415.9	3082.9	1730.9	509.95	2573.9	-6.3639	3667.9	836.48	307.03	-17.04	4162	58.683
